30101,1750,1,0
30101,1073,2,0
30101,4736,3,0
30101,1719,4,0
30101,1233,5,0
30101,2957,6,0
30101,4779,7,0
30101,7984,8,0
30101,5188,9,0
30101,5479,10,0
30101,5050,11,0
30101,3370,12,0
30101,7245,13,0
30101,7612,14,0
30101,6435,15,0
30101,7847,16,0
30101,1299,17,0
30101,8173,18,0
30101,2173,19,0
30101,5516,20,0
30101,8764,21,0
30101,10217,22,0
30101,5692,23,0
30101,9453,24,0
30101,2061,25,0
30101,9423,26,0
30101,10266,27,0
30101,6256,28,0
30101,8901,29,0
30101,4236,30,0
30101,8941,31,0
30101,4321,32,0
30101,15132,33,0
30101,7830,34,0
30101,10323,35,0
30101,2136,36,0
30101,9607,37,0
30101,9255,38,0
30101,15139,39,0
30101,5899,40,0
30101,8263,41,0
30101,9093,42,0
30101,2140,43,0
30101,5250,44,0
30101,3896,45,0
30101,3399,46,0
30101,4514,47,0
30101,8269,48,0
30101,10294,49,0
30101,7060,50,0
30101,6319,51,0
30101,7321,52,0
30101,9183,53,0
30101,3575,54,0
30101,6108,55,0
30101,2666,56,0
30101,9691,57,0
30101,8082,58,0
30101,4584,59,0
30101,7480,60,0
30101,1300,61,0
30101,5087,62,0
30101,10054,63,0
30101,1301,64,0
30101,6678,65,0
30101,3443,66,0
30101,7665,67,0
30101,7234,68,0
30101,3836,69,0
30101,2338,70,0
30101,1944,71,0
30101,9938,72,0
30101,1739,73,0
30101,4456,74,0
30101,24057,75,0
30101,3060,76,0
30101,15127,77,0
30101,779,78,0
30101,489,79,0
30101,1260,80,0
30101,4342,81,0
30101,15133,82,0
30101,15129,83,0
30101,4425,84,0
30101,15135,85,0
30101,10371,86,0
30101,4598,87,0
30101,4364,88,1
30102,4143,1,0
30102,3196,2,0
30102,15138,3,0
30102,6992,4,0
30102,10076,5,0
30102,15130,6,0
30102,8746,7,0
30102,15134,8,0
30102,4371,9,0
30102,9143,10,0
30102,4034,11,0
30102,15128,12,0
30102,1189,13,0
30102,3385,14,0
30102,8882,15,0
30102,746,16,0
30102,1744,17,0
30102,2650,18,0
30102,3577,19,0
30102,6902,20,0
30102,6682,21,0
30102,3384,22,0
30102,7385,23,0
30102,1070,24,0
30102,10272,25,0
30102,8731,26,0
30102,7217,27,0
30102,5599,28,0
30102,7950,29,0
30102,5706,30,0
30102,9301,31,0
30102,9043,32,0
30102,1958,33,0
30102,2332,34,0
30102,2240,35,0
30102,4413,36,0
30102,2086,37,0
30102,15131,38,0
30102,6851,39,0
30102,704,40,0
30102,1653,41,0
30102,3624,42,0
30102,10102,43,0
30102,7899,44,0
30102,8418,45,0
30102,7639,46,0
30102,8686,47,0
30102,9071,48,0
30102,9335,49,0
30102,15686,50,0
30102,6528,51,0
30102,14701,52,0
30102,7718,53,0
30102,1111,54,0
30102,5294,55,0
30102,3798,56,0
30102,4692,57,0
30102,9459,58,0
30102,6877,59,0
30102,8938,60,0
30102,10473,61,0
30102,10444,62,0
30102,24133,63,0
30102,6830,64,0
30102,5669,65,0
30102,8858,66,0
30102,5667,67,0
30102,2156,68,0
30102,9148,69,0
30102,3706,70,0
30102,6466,71,0
30102,5230,72,0
30102,10320,73,0
30102,1353,74,0
30102,4223,75,0
30102,6827,76,0
30102,1258,77,0
30102,9222,78,0
30102,1926,79,0
30102,9382,80,0
30102,1593,81,0
30102,9317,82,0
30102,6463,83,0
30102,1737,84,0
30102,5577,85,0
30102,8445,86,0
30102,1750,87,1
30401,310,1,0
30401,295,2,0
30401,1115,3,0
30401,8457,4,0
30401,4538,5,0
30401,9123,6,0
30401,1391,7,0
30401,4838,8,0
30401,4591,9,0
30401,8901,10,0
30401,4236,11,0
30401,8941,12,0
30401,4321,13,0
30401,1878,14,0
30401,1398,15,0
30401,10278,16,0
30401,5447,17,0
30401,945,18,0
30401,4568,19,0
30401,15145,20,0
30401,5467,21,0
30401,8998,22,0
30401,24463,23,0
30401,3039,24,0
30401,2452,25,0
30401,23897,26,0
30401,23896,27,0
30401,23895,28,0
30401,23893,29,0
30401,23891,30,0
30401,23889,31,0
30401,23887,32,0
30401,23885,33,0
30401,23898,34,0
30401,23883,35,0
30401,8338,36,0
30401,15143,37,0
30401,8207,38,0
30401,1712,39,0
30401,1909,40,0
30401,15142,41,0
30401,6678,42,0
30401,3443,43,0
30401,1966,44,0
30401,3886,45,0
30401,6205,46,0
30401,4891,47,0
30401,10098,48,0
30401,3720,49,0
30401,9752,50,0
30401,6517,51,1
30402,4402,1,0
30402,2800,2,0
30402,3442,3,0
30402,8499,4,0
30402,7801,5,0
30402,4197,6,0
30402,7809,7,0
30402,10353,8,0
30402,8223,9,0
30402,7690,10,0
30402,4041,11,0
30402,1070,12,0
30402,1159,13,0
30402,10198,14,0
30402,7621,15,0
30402,1389,16,0
30402,1581,17,0
30402,1962,18,0
30402,23882,19,0
30402,23899,20,0
30402,23884,21,0
30402,23886,22,0
30402,23888,23,0
30402,23890,24,0
30402,23892,25,0
30402,23894,26,0
30402,5279,27,0
30402,7211,28,0
30402,954,29,0
30402,2333,30,0
30402,8626,31,0
30402,14048,32,0
30402,14049,33,0
30402,14050,34,0
30402,14051,35,0
30402,5091,36,0
30402,10438,37,0
30402,4341,38,0
30402,5890,39,0
30402,5141,40,0
30402,7460,41,0
30402,10237,42,0
30402,9878,43,0
30402,6877,44,0
30402,8938,45,0
30402,2340,46,0
30402,2830,47,0
30402,718,48,0
30402,2719,49,0
30402,6811,50,0
30402,8673,51,0
30402,2958,52,0
30402,1222,53,0
30402,7898,54,1
30601,310,1,0
30601,295,2,0
30601,6600,3,0
30601,2954,4,0
30601,2243,5,0
30601,7506,6,0
30601,8412,7,0
30601,1690,8,0
30601,1861,9,0
30601,8281,10,0
30601,9321,11,0
30601,2213,12,0
30601,9523,13,0
30601,9798,14,0
30601,6387,15,0
30601,1403,16,0
30601,4638,17,0
30601,6774,18,0
30601,1010,19,0
30601,2748,20,0
30601,1459,21,0
30601,3206,22,0
30601,7426,23,0
30601,5462,24,0
30601,4865,25,0
30601,3962,26,0
30601,5993,27,0
30601,1942,28,0
30601,7913,29,0
30601,2350,30,0
30601,9014,31,0
30601,3246,32,0
30601,2676,33,0
30601,6259,34,0
30601,688,35,0
30601,3903,36,0
30601,9320,37,0
30601,8985,38,0
30601,3762,39,0
30601,10311,40,0
30601,7733,41,0
30601,4921,42,0
30601,4875,43,0
30601,10305,44,0
30601,6955,45,0
30601,3567,46,0
30601,3797,47,0
30601,8980,48,0
30601,8633,49,0
30601,963,50,0
30601,4705,51,0
30601,3478,52,0
30601,6022,53,0
30601,1201,54,0
30601,9851,55,0
30601,8500,56,0
30601,549,57,1
30602,3867,1,0
30602,553,2,0
30602,800,3,0
30602,8056,4,0
30602,4414,5,0
30602,2621,6,0
30602,1268,7,0
30602,6656,8,0
30602,4443,9,0
30602,4650,10,0
30602,10283,11,0
30602,15149,12,0
30602,4325,13,0
30602,1123,14,0
30602,7935,15,0
30602,3292,16,0
30602,971,17,0
30602,3164,18,0
30602,8702,19,0
30602,10019,20,0
30602,7703,21,0
30602,4575,22,0
30602,8991,23,0
30602,7379,24,0
30602,2976,25,0
30602,2615,26,0
30602,7132,27,0
30602,614,28,0
30602,1694,29,0
30602,2737,30,0
30602,4797,31,0
30602,1016,32,0
30602,3548,33,0
30602,7982,34,0
30602,8914,35,0
30602,5948,36,0
30602,10367,37,0
30602,5013,38,0
30602,9193,39,0
30602,1782,40,0
30602,2878,41,0
30602,1566,42,0
30602,8274,43,0
30602,8416,44,0
30602,2568,45,0
30602,8354,46,0
30602,4012,47,0
30602,3069,48,0
30602,1039,49,0
30602,10033,50,0
30602,8135,51,0
30602,4902,52,0
30602,1195,53,0
30602,5094,54,0
30602,5074,55,0
30602,7898,56,0
30602,310,57,1
31003,9227,1,0
31003,10390,2,0
31003,15124,3,0
31003,7412,4,0
31003,6075,5,0
31003,9243,6,0
31003,8068,7,0
31003,5275,8,0
31003,8346,9,0
31003,7582,10,0
31003,1288,11,0
31003,1138,12,0
31003,6577,13,0
31003,6730,14,0
31003,6145,15,0
31003,2291,16,0
31003,5927,17,0
31003,14339,18,1
31004,14339,1,0
31004,7162,2,0
31004,5136,3,0
31004,3741,4,0
31004,3323,5,0
31004,3159,6,0
31004,10093,7,0
31004,2097,8,0
31004,9203,9,0
31004,10138,10,0
31004,6953,11,0
31004,6639,12,0
31004,2125,13,0
31004,15122,14,0
31004,15123,15,0
31004,1551,16,0
31004,9227,17,1
50101,1750,1,0
50101,1073,2,0
50101,4736,3,0
50101,1719,4,0
50101,1233,5,0
50101,2957,6,0
50101,4779,7,0
50101,7984,8,0
50101,5188,9,0
50101,5479,10,0
50101,5050,11,0
50101,3370,12,0
50101,7245,13,0
50101,7612,14,0
50101,6435,15,0
50101,7847,16,0
50101,1299,17,0
50101,8173,18,0
50101,2173,19,0
50101,5516,20,0
50101,8764,21,0
50101,10217,22,0
50101,5692,23,0
50101,9453,24,0
50101,2061,25,0
50101,9423,26,0
50101,10266,27,0
50101,6256,28,0
50101,8901,29,0
50101,4236,30,0
50101,8941,31,0
50101,4321,32,0
50101,15132,33,0
50101,7830,34,0
50101,10323,35,0
50101,2136,36,0
50101,9607,37,0
50101,9255,38,0
50101,15139,39,0
50101,5899,40,0
50101,8263,41,0
50101,9093,42,0
50101,2140,43,0
50101,5250,44,0
50101,3896,45,0
50101,3399,46,0
50101,4514,47,0
50101,8269,48,0
50101,10294,49,0
50101,7060,50,0
50101,6319,51,0
50101,7321,52,0
50101,9183,53,0
50101,3575,54,0
50101,6108,55,0
50101,2666,56,0
50101,9691,57,0
50101,8082,58,0
50101,4584,59,0
50101,7480,60,0
50101,1300,61,0
50101,5087,62,0
50101,10054,63,0
50101,1301,64,0
50101,6678,65,0
50101,3443,66,0
50101,7665,67,0
50101,7234,68,0
50101,3836,69,0
50101,2338,70,0
50101,1944,71,0
50101,9938,72,0
50101,1739,73,0
50101,4456,74,0
50101,24057,75,0
50101,3060,76,0
50101,15127,77,0
50101,779,78,0
50101,489,79,0
50101,1260,80,0
50101,4342,81,0
50101,15133,82,0
50101,15129,83,0
50101,4425,84,0
50101,15135,85,0
50101,10371,86,0
50101,4598,87,0
50101,4364,88,1
50102,4143,1,0
50102,3196,2,0
50102,15138,3,0
50102,6992,4,0
50102,10076,5,0
50102,15130,6,0
50102,8746,7,0
50102,15134,8,0
50102,4371,9,0
50102,9143,10,0
50102,4034,11,0
50102,15128,12,0
50102,1189,13,0
50102,3385,14,0
50102,8882,15,0
50102,746,16,0
50102,1744,17,0
50102,2650,18,0
50102,3577,19,0
50102,6902,20,0
50102,6682,21,0
50102,3384,22,0
50102,7385,23,0
50102,1070,24,0
50102,10272,25,0
50102,8731,26,0
50102,7217,27,0
50102,5599,28,0
50102,7950,29,0
50102,5706,30,0
50102,9301,31,0
50102,9043,32,0
50102,1958,33,0
50102,2332,34,0
50102,2240,35,0
50102,4413,36,0
50102,2086,37,0
50102,15131,38,0
50102,6851,39,0
50102,704,40,0
50102,1653,41,0
50102,3624,42,0
50102,10102,43,0
50102,7899,44,0
50102,8418,45,0
50102,7639,46,0
50102,8686,47,0
50102,9071,48,0
50102,9335,49,0
50102,15686,50,0
50102,6528,51,0
50102,14701,52,0
50102,7718,53,0
50102,1111,54,0
50102,5294,55,0
50102,3798,56,0
50102,4692,57,0
50102,9459,58,0
50102,6877,59,0
50102,8938,60,0
50102,10473,61,0
50102,10444,62,0
50102,24133,63,0
50102,6830,64,0
50102,5669,65,0
50102,8858,66,0
50102,5667,67,0
50102,2156,68,0
50102,9148,69,0
50102,3706,70,0
50102,6466,71,0
50102,5230,72,0
50102,10320,73,0
50102,1353,74,0
50102,4223,75,0
50102,6827,76,0
50102,1258,77,0
50102,9222,78,0
50102,1926,79,0
50102,9382,80,0
50102,1593,81,0
50102,9317,82,0
50102,6463,83,0
50102,1737,84,0
50102,5577,85,0
50102,8445,86,0
50102,1750,87,1
50301,1068,1,0
50301,23897,2,0
50301,23896,3,0
50301,23895,4,0
50301,23893,5,0
50301,23891,6,0
50301,23889,7,0
50301,23887,8,0
50301,23885,9,0
50301,23898,10,0
50301,23883,11,0
50301,8338,12,0
50301,15143,13,0
50301,8207,14,0
50301,1712,15,0
50301,1909,16,0
50301,15142,17,0
50301,6678,18,0
50301,3443,19,0
50301,7665,20,0
50301,7234,21,0
50301,3836,22,0
50301,2338,23,0
50301,1944,24,0
50301,9938,25,0
50301,1739,26,0
50301,4456,27,0
50301,24057,28,0
50301,3060,29,0
50301,15127,30,0
50301,779,31,0
50301,490,32,0
50301,4861,33,0
50301,8219,34,0
50301,8597,35,0
50301,4859,36,0
50301,9300,37,0
50301,7795,38,0
50301,1810,39,0
50301,797,40,0
50301,7957,41,0
50301,4019,42,0
50301,1030,43,0
50301,1480,44,1
50302,1480,1,0
50302,2863,2,0
50302,9054,3,0
50302,3301,4,0
50302,15140,5,0
50302,9441,6,0
50302,4119,7,0
50302,6290,8,0
50302,9032,9,0
50302,15141,10,0
50302,6027,11,0
50302,3281,12,0
50302,4577,13,0
50302,4034,14,0
50302,15128,15,0
50302,1189,16,0
50302,3385,17,0
50302,8882,18,0
50302,746,19,0
50302,1744,20,0
50302,2650,21,0
50302,3577,22,0
50302,6902,23,0
50302,6682,24,0
50302,3384,25,0
50302,7385,26,0
50302,1070,27,0
50302,1159,28,0
50302,10198,29,0
50302,7621,30,0
50302,1389,31,0
50302,1581,32,0
50302,1962,33,0
50302,23882,34,0
50302,23899,35,0
50302,23884,36,0
50302,23886,37,0
50302,23888,38,0
50302,23890,39,0
50302,23892,40,0
50302,23894,41,0
50302,5279,42,0
50302,7211,43,0
50302,5399,44,1
50401,310,1,0
50401,14186,2,0
50401,1115,3,0
50401,8457,4,0
50401,4538,5,0
50401,9123,6,0
50401,1391,7,0
50401,4838,8,0
50401,4591,9,0
50401,8901,10,0
50401,4236,11,0
50401,8941,12,0
50401,4321,13,0
50401,1878,14,0
50401,1398,15,0
50401,10278,16,0
50401,5447,17,0
50401,945,18,0
50401,4568,19,0
50401,15145,20,0
50401,5467,21,0
50401,8998,22,0
50401,24463,23,0
50401,3039,24,0
50401,2452,25,0
50401,7734,26,0
50401,12913,27,0
50401,12898,28,0
50401,632,29,0
50401,2380,30,0
50401,15048,31,0
50401,7197,32,0
50401,23897,33,0
50401,23896,34,0
50401,23895,35,0
50401,23893,36,0
50401,23891,37,0
50401,23889,38,0
50401,24211,39,0
50401,23887,40,0
50401,23885,41,0
50401,23898,42,0
50401,23883,43,0
50401,8338,44,0
50401,15143,45,0
50401,8207,46,0
50401,1712,47,0
50401,1909,48,0
50401,15142,49,0
50401,6678,50,0
50401,3443,51,0
50401,1966,52,0
50401,3886,53,0
50401,6205,54,0
50401,4891,55,0
50401,10098,56,0
50401,3720,57,0
50401,9752,58,0
50401,6517,59,0
50401,14161,60,0
50401,15355,61,0
50401,15356,62,1
50402,14161,1,0
50402,4402,2,0
50402,2800,3,0
50402,3442,4,0
50402,8499,5,0
50402,7801,6,0
50402,4197,7,0
50402,7809,8,0
50402,10353,9,0
50402,8223,10,0
50402,7690,11,0
50402,4041,12,0
50402,1070,13,0
50402,1159,14,0
50402,10198,15,0
50402,15356,16,0
50402,15354,17,0
50402,7621,18,0
50402,1389,19,0
50402,1581,20,0
50402,1962,21,0
50402,23882,22,0
50402,23899,23,0
50402,23884,24,0
50402,23886,25,0
50402,24211,26,0
50402,24233,27,0
50402,23888,28,0
50402,23890,29,0
50402,23892,30,0
50402,23894,31,0
50402,5279,32,0
50402,7211,33,0
50402,15049,34,0
50402,7478,35,0
50402,4439,36,0
50402,12891,37,0
50402,12919,38,0
50402,10399,39,0
50402,954,40,0
50402,2333,41,0
50402,2462,42,0
50402,8626,43,0
50402,14048,44,0
50402,14049,45,0
50402,14050,46,0
50402,14051,47,0
50402,5091,48,0
50402,10438,49,0
50402,4341,50,0
50402,5890,51,0
50402,5141,52,0
50402,7460,53,0
50402,10237,54,0
50402,9878,55,0
50402,8975,56,0
50402,6877,57,0
50402,8938,58,0
50402,2340,59,0
50402,2830,60,0
50402,718,61,0
50402,2719,62,0
50402,6811,63,0
50402,8673,64,0
50402,2958,65,0
50402,1222,66,0
50402,7898,67,0
50402,14186,68,1
50501,14186,1,0
50501,310,2,0
50501,6600,3,0
50501,2954,4,0
50501,2243,5,0
50501,7506,6,0
50501,1606,7,0
50501,2176,8,0
50501,1385,9,0
50501,1063,10,0
50501,7289,11,0
50501,9568,12,0
50501,1416,13,0
50501,3702,14,0
50501,6324,15,0
50501,7139,16,0
50501,15146,17,0
50501,3665,18,0
50501,6692,19,0
50501,6046,20,0
50501,1479,21,0
50501,7171,22,0
50501,9016,23,0
50501,7311,24,0
50501,6459,25,0
50501,2856,26,0
50501,3874,27,0
50501,3471,28,0
50501,3184,29,0
50501,2641,30,0
50501,2749,31,0
50501,5988,32,0
50501,24274,33,0
50501,6694,34,0
50501,8632,35,0
50501,8820,36,0
50501,3886,37,0
50501,6205,38,0
50501,4891,39,0
50501,10098,40,0
50501,3720,41,0
50501,9752,42,0
50501,6517,43,0
50501,14162,44,0
50501,1115,45,1
50502,14162,1,0
50502,4402,2,0
50502,2800,3,0
50502,3442,4,0
50502,8499,5,0
50502,7801,6,0
50502,4197,7,0
50502,7809,8,0
50502,10353,9,0
50502,8223,10,0
50502,7690,11,0
50502,3446,12,0
50502,1061,13,0
50502,24273,14,0
50502,4155,15,0
50502,8277,16,0
50502,2704,17,0
50502,9060,18,0
50502,3092,19,0
50502,6839,20,0
50502,2261,21,0
50502,7264,22,0
50502,9824,23,0
50502,24464,24,0
50502,2368,25,0
50502,7867,26,0
50502,1212,27,0
50502,4557,28,0
50502,4491,29,0
50502,15147,30,0
50502,4551,31,0
50502,15148,32,0
50502,9427,33,0
50502,2426,34,0
50502,2953,35,0
50502,2342,36,0
50502,6422,37,0
50502,7186,38,0
50502,2098,39,0
50502,2986,40,0
50502,4902,41,0
50502,1195,42,0
50502,5094,43,0
50502,5074,44,0
50502,7898,45,0
50502,300,46,0
50502,14186,47,1
50601,5292,1,0
50601,8673,2,0
50601,2958,3,0
50601,8763,4,0
50601,8999,5,0
50601,2243,6,0
50601,7506,7,0
50601,8412,8,0
50601,1690,9,0
50601,1861,10,0
50601,8281,11,0
50601,9321,12,0
50601,2213,13,0
50601,8564,14,0
50601,7989,15,0
50601,6324,16,0
50601,7139,17,0
50601,15146,18,0
50601,3665,19,0
50601,6692,20,0
50601,6046,21,0
50601,1479,22,0
50601,7171,23,0
50601,9016,24,0
50601,7311,25,0
50601,6459,26,0
50601,2856,27,0
50601,4437,28,0
50601,3450,29,0
50601,6234,30,0
50601,15345,31,0
50601,1172,32,0
50601,10175,33,0
50601,6506,34,0
50601,9523,35,0
50601,9798,36,0
50601,6387,37,0
50601,1403,38,0
50601,4638,39,0
50601,6774,40,0
50601,1010,41,0
50601,2748,42,0
50601,1459,43,0
50601,3206,44,0
50601,7426,45,0
50601,5462,46,0
50601,4865,47,0
50601,3962,48,0
50601,5993,49,0
50601,1942,50,0
50601,7913,51,0
50601,2350,52,0
50601,615,53,0
50601,3246,54,0
50601,2676,55,0
50601,6259,56,0
50601,688,57,0
50601,3903,58,0
50601,9320,59,0
50601,8985,60,0
50601,3762,61,0
50601,10311,62,0
50601,7733,63,0
50601,4921,64,0
50601,4875,65,0
50601,10305,66,0
50601,6955,67,0
50601,3567,68,0
50601,3797,69,0
50601,8980,70,0
50601,8633,71,0
50601,963,72,0
50601,4705,73,0
50601,3478,74,0
50601,6022,75,0
50601,1201,76,0
50601,9851,77,0
50601,8500,78,0
50601,549,79,0
50601,14260,80,0
50601,2942,81,0
50601,2107,82,0
50601,9623,83,0
50601,7608,84,0
50601,14163,85,1
50602,14260,1,0
50602,553,2,0
50602,800,3,0
50602,8056,4,0
50602,4414,5,0
50602,2621,6,0
50602,1268,7,0
50602,6656,8,0
50602,4443,9,0
50602,4650,10,0
50602,10283,11,0
50602,15149,12,0
50602,4325,13,0
50602,1123,14,0
50602,7935,15,0
50602,3292,16,0
50602,971,17,0
50602,3164,18,0
50602,8702,19,0
50602,10019,20,0
50602,7703,21,0
50602,4575,22,0
50602,8991,23,0
50602,7379,24,0
50602,2976,25,0
50602,2615,26,0
50602,7132,27,0
50602,614,28,0
50602,14163,29,0
50602,5633,30,0
50602,7201,31,0
50602,1788,32,0
50602,5020,33,0
50602,1198,34,0
50602,1694,35,0
50602,2737,36,0
50602,4797,37,0
50602,1016,38,0
50602,3548,39,0
50602,7982,40,0
50602,8914,41,0
50602,5948,42,0
50602,10367,43,0
50602,5013,44,0
50602,9193,45,0
50602,1782,46,0
50602,2878,47,0
50602,1566,48,0
50602,8274,49,0
50602,8416,50,0
50602,2568,51,0
50602,8354,52,0
50602,6007,53,0
50602,1796,54,0
50602,4373,55,0
50602,606,56,0
50602,15345,57,0
50602,2200,58,0
50602,7967,59,0
50602,7505,60,0
50602,7264,61,0
50602,9824,62,0
50602,24464,63,0
50602,2368,64,0
50602,7867,65,0
50602,1212,66,0
50602,4557,67,0
50602,4491,68,0
50602,15147,69,0
50602,4551,70,0
50602,15148,71,0
50602,9427,72,0
50602,1635,73,0
50602,5148,74,0
50602,4012,75,0
50602,3069,76,0
50602,1039,77,0
50602,10033,78,0
50602,8135,79,0
50602,4902,80,0
50602,1195,81,0
50602,5094,82,0
50602,9132,83,0
50602,8457,84,0
50602,4538,85,0
50602,5292,86,1
50901,462,1,0
50901,7734,2,0
50901,12913,3,0
50901,12898,4,0
50901,632,5,0
50901,1031,6,0
50901,3926,7,0
50901,2125,8,0
50901,15122,9,0
50901,15123,10,0
50901,1551,11,0
50901,9227,12,1
50902,9227,1,0
50902,10390,2,0
50902,15124,3,0
50902,7412,4,0
50902,2128,5,0
50902,1296,6,0
50902,6761,7,0
50902,4439,8,0
50902,12891,9,0
50902,12919,10,0
50902,10399,11,0
50902,15016,12,0
50902,462,13,1
51003,9227,1,0
51003,10390,2,0
51003,15124,3,0
51003,7412,4,0
51003,6075,5,0
51003,478,6,0
51003,9243,7,0
51003,8068,8,0
51003,5275,9,0
51003,8346,10,0
51003,7582,11,0
51003,1288,12,0
51003,1138,13,0
51003,6577,14,0
51003,6730,15,0
51003,6145,16,0
51003,2291,17,0
51003,5927,18,0
51003,14339,19,1
51004,14339,1,0
51004,7162,2,0
51004,5136,3,0
51004,3741,4,0
51004,3323,5,0
51004,3159,6,0
51004,10093,7,0
51004,2097,8,0
51004,9203,9,0
51004,10138,10,0
51004,6953,11,0
51004,6639,12,0
51004,2125,13,0
51004,478,14,0
51004,15122,15,0
51004,15123,16,0
51004,1551,17,0
51004,9227,18,1
51103,463,1,0
51103,7734,2,0
51103,12913,3,0
51103,12898,4,0
51103,632,5,0
51103,2380,6,0
51103,15048,7,0
51103,7197,8,0
51103,5399,9,0
51103,15126,10,0
51103,4322,11,0
51103,6072,12,0
51103,3455,13,0
51103,8508,14,0
51103,7317,15,0
51103,9659,16,0
51103,14142,17,1
51104,14142,1,0
51104,15125,2,0
51104,8105,3,0
51104,6594,4,0
51104,10342,5,0
51104,4389,6,0
51104,2181,7,0
51104,9662,8,0
51104,1068,9,0
51104,5469,10,0
51104,15049,11,0
51104,7478,12,0
51104,4439,13,0
51104,12891,14,0
51104,12919,15,0
51104,10399,16,0
51104,15016,17,0
51104,463,18,1
51201,14688,1,0
51201,14838,2,0
51201,14674,3,0
51201,14672,4,0
51201,14670,5,0
51201,14668,6,0
51201,14666,7,0
51201,475,8,0
51201,14382,9,0
51201,14383,10,0
51201,14384,11,0
51201,14385,12,0
51201,14386,13,0
51201,14387,14,0
51201,14388,15,0
51201,14389,16,0
51201,14390,17,0
51201,14391,18,0
51201,8868,19,0
51201,8869,20,0
51201,15685,21,0
51201,8875,22,0
51201,8876,23,0
51201,8976,24,0
51201,10450,25,0
51201,1494,26,0
51201,2189,27,0
51201,14295,28,1
51202,14295,1,0
51202,8877,2,0
51202,5795,3,0
51202,1649,4,0
51202,5819,5,0
51202,6461,6,0
51202,10424,7,0
51202,5735,8,0
51202,14297,9,0
51202,8870,10,0
51202,8867,11,0
51202,14392,12,0
51202,14393,13,0
51202,14394,14,0
51202,14395,15,0
51202,14396,16,0
51202,14397,17,0
51202,14398,18,0
51202,14399,19,0
51202,14400,20,0
51202,14665,21,0
51202,14667,22,0
51202,14669,23,0
51202,14671,24,0
51202,14673,25,0
51202,14675,26,0
51202,14688,27,1
