'1',30401,254240,4,'',1,1000,4,'',1,5000,4,'',1,1000,4,'',1,1000,4,'',1,1000,4,'',1,1700,4,'',1,7000,4,'',1,3000,4,'',1,7000,4,'',1,3000,4,'',1,7000,4,'',1
'2',30401,254940,4,'',1,1000,4,'',1,5000,4,'',1,1000,4,'',1,1300,4,'',1,1700,4,'',1,7000,4,'',1,3000,4,'',1,7000,4,'',1,3000,4,'',1,7000,4,'',1
'3',30401,250940,4,'',1,1000,4,'',1,1000,4,'',1,1000,4,'',1,1700,4,'',1,6300,4,'',1,3000,4,'',1,7000,4,'',1,3000,4,'',1,7000,4,'',1,3000,4,'',1,7000,4,'',1
'4',30401,250940,4,'',1,1000,4,'',1,1000,4,'',1,1000,4,'',1,1700,4,'',1,6300,4,'',1,3000,4,'',1,7000,4,'',1,3000,4,'',1,7000,4,'',1,3000,4,'',1,7000,4,'',1
'1',50401,53830,4,'',1
'2',50401,53530,4,'',1,1500,4,'',1
'3',50401,55830,4,'',1,6200,4,'',1,1500,4,'',1,1500,4,'',1,5500,4,'',1,1500,4,'',1,1500,4,'',1,1500,4,'',1
'1',50501,51920,4,'',1,1300,4,'',1,1200,4,'',1
'2',50501,52940,4,'',1,1700,4,'',1,7200,4,'',1
'3',50501,52120,4,'',1,1300,4,'',1,1200,4,'',1,1200,4,'',1,5100,4,'',1,1100,0,'Broadview',1,1100,0,'Broadview',1,1100,0,'Broadview',1,700,4,'',1,600,0,'Broadview',1,5000,0,'Broadview',1,1000,0,'Broadview',1,1000,0,'Broadview',1,1000,0,'Broadview',1,1000,0,'Broadview',1,1000,0,'Broadview',1
'4',50501,52120,4,'',1,1300,4,'',1,1200,4,'',1,1200,4,'',1,5100,4,'',1,1100,0,'Broadview',1,1100,0,'Broadview',1,1100,0,'Broadview',1,700,4,'',1,600,0,'Broadview',1,5000,0,'Broadview',1,1000,0,'Broadview',1,1000,0,'Broadview',1,1000,0,'Broadview',1,1000,0,'Broadview',1,1000,0,'Broadview',1
