'1',50101,220400,0,'McCaul',1,1000,0,'McCaul',1,1000,0,'McCaul',1,1000,0,'McCaul',1,1000,0,'McCaul',1,1000,0,'McCaul',1,500,0,'Roncesvalles',1,4500,0,'McCaul',1,1000,0,'McCaul',1,1000,0,'McCaul',1,1000,0,'McCaul',1,1000,0,'McCaul',1,1000,0,'McCaul',1,5000,0,'McCaul',1,1000,0,'McCaul',1,1000,0,'McCaul',1,1000,0,'McCaul',1,1000,0,'McCaul',1,1000,0,'McCaul',1,6000,0,'Roncesvalles',1,2700,0,'Roncesvalles',1,6300,0,'Roncesvalles',1,2200,0,'Roncesvalles',1
'1',50102,230100,4,'',1,900,4,'',1,1000,4,'',1,1000,4,'',1,1000,4,'',1,1000,4,'',1,5000,4,'',1,1000,4,'',1,1000,4,'',1,1000,4,'',1,1000,4,'',1,1000,4,'',1,5000,4,'',1,1000,4,'',1,1000,4,'',1,1000,4,'',1,1000,4,'',1,1000,4,'',1,5200,4,'',1,1200,4,'',1,1000,4,'',1
'2',50101,220800,0,'McCaul',1,1000,0,'McCaul',1,1000,0,'McCaul',1,1000,0,'McCaul',1,1000,0,'McCaul',1,1000,0,'McCaul',1,5000,0,'McCaul',1,1000,0,'McCaul',1,1000,0,'McCaul',1,1000,0,'McCaul',1,1000,0,'McCaul',1,1000,0,'McCaul',1,5000,0,'McCaul',1,1000,0,'McCaul',1,1000,0,'McCaul',1,1000,0,'McCaul',1,1000,0,'McCaul',1,1000,0,'McCaul',1,6800,0,'Roncesvalles',1,7500,0,'Roncesvalles',1,500,0,'Roncesvalles',1,2000,0,'Roncesvalles',1
'2',50102,230600,4,'',1,1000,4,'',1,1000,4,'',1,1000,4,'',1,1000,4,'',1,1000,4,'',1,5000,4,'',1,1000,4,'',1,1000,4,'',1,1000,4,'',1,1000,4,'',1,1000,4,'',1,5000,4,'',1,1000,4,'',1,1000,4,'',1,1000,4,'',1,1000,4,'',1,1000,4,'',1,5000,4,'',1,1000,4,'',1,1000,4,'',1,1000,4,'',1
'3',50101,220200,0,'McCaul',1,1000,0,'McCaul',1,1000,0,'McCaul',1,1000,0,'McCaul',1,1000,0,'McCaul',1,1000,0,'McCaul',1,5000,0,'McCaul',1,1000,0,'McCaul',1,1000,0,'McCaul',1,1000,0,'McCaul',1,1000,0,'McCaul',1,1000,0,'McCaul',1,5000,0,'McCaul',1,1000,0,'McCaul',1,1000,0,'McCaul',1,1000,0,'McCaul',1,1000,0,'McCaul',1,200,0,'Roncesvalles',1,1300,0,'McCaul',1,4700,0,'Roncesvalles',1,2000,0,'Roncesvalles',1,2000,0,'Roncesvalles',1,6000,0,'Roncesvalles',1
'3',50102,225500,4,'',1,4900,4,'',1,1000,4,'',1,1000,4,'',1,1000,4,'',1,1000,4,'',1,1000,4,'',1,5000,4,'',1,1000,4,'',1,1000,4,'',1,1000,4,'',1,1000,4,'',1,1000,4,'',1,5000,4,'',1,1000,4,'',1,1000,4,'',1,1000,4,'',1,1000,4,'',1,1000,4,'',1,5000,4,'',1,1000,4,'',1,1500,4,'',1
'4',50101,220200,0,'McCaul',1,1000,0,'McCaul',1,1000,0,'McCaul',1,1000,0,'McCaul',1,1000,0,'McCaul',1,1000,0,'McCaul',1,5000,0,'McCaul',1,1000,0,'McCaul',1,1000,0,'McCaul',1,1000,0,'McCaul',1,1000,0,'McCaul',1,1000,0,'McCaul',1,5000,0,'McCaul',1,1000,0,'McCaul',1,1000,0,'McCaul',1,1000,0,'McCaul',1,1000,0,'McCaul',1,200,0,'Roncesvalles',1,1300,0,'McCaul',1,4700,0,'Roncesvalles',1,2000,0,'Roncesvalles',1,2000,0,'Roncesvalles',1,6000,0,'Roncesvalles',1
'4',50102,225500,4,'',1,4900,4,'',1,1000,4,'',1,1000,4,'',1,1000,4,'',1,1000,4,'',1,1000,4,'',1,5000,4,'',1,1000,4,'',1,1000,4,'',1,1000,4,'',1,1000,4,'',1,1000,4,'',1,5000,4,'',1,1000,4,'',1,1000,4,'',1,1000,4,'',1,1000,4,'',1,1000,4,'',1,5000,4,'',1,1000,4,'',1,1500,4,'',1
'1',50801,64000,0,'Parliament',1,7000,0,'Parliament',1,2000,0,'Parliament',1,2000,0,'Parliament',1,6000,0,'Parliament',1,94000,0,'Roncesvalles',1,6000,0,'Roncesvalles',1,2000,0,'Roncesvalles',1,2000,0,'Roncesvalles',1,6000,0,'Roncesvalles',1
'1',50802,64000,4,'',1,7000,4,'',1,2000,4,'',1,2000,4,'',1,6000,4,'',1,94000,4,'',1,6000,4,'',1,2000,4,'',1,2000,4,'',1,6000,4,'',1
