30101,1750,1,0
30101,1073,2,0
30101,4736,3,0
30101,1719,4,0
30101,1233,5,0
30101,2957,6,0
30101,4779,7,0
30101,7984,8,0
30101,5188,9,0
30101,5479,10,0
30101,5050,11,0
30101,3370,12,0
30101,7245,13,0
30101,7612,14,0
30101,6435,15,0
30101,7847,16,0
30101,1299,17,0
30101,8173,18,0
30101,2173,19,0
30101,5516,20,0
30101,8764,21,0
30101,10217,22,0
30101,5692,23,0
30101,9453,24,0
30101,2061,25,0
30101,9423,26,0
30101,10266,27,0
30101,6256,28,0
30101,8901,29,0
30101,8941,30,0
30101,4321,31,0
30101,1878,32,0
30101,1398,33,0
30101,10278,34,0
30101,5447,35,0
30101,945,36,0
30101,4698,37,0
30101,4031,38,0
30101,15139,39,0
30101,5899,40,0
30101,8263,41,0
30101,9093,42,0
30101,2140,43,0
30101,5250,44,0
30101,3896,45,0
30101,3399,46,0
30101,4514,47,0
30101,8269,48,0
30101,10294,49,0
30101,7060,50,0
30101,6319,51,0
30101,7321,52,0
30101,9183,53,0
30101,3575,54,0
30101,6108,55,0
30101,2666,56,0
30101,9691,57,0
30101,8082,58,0
30101,4584,59,0
30101,7480,60,0
30101,1300,61,0
30101,5087,62,0
30101,10054,63,0
30101,1301,64,0
30101,6678,65,0
30101,3443,66,0
30101,7665,67,0
30101,7234,68,0
30101,3836,69,0
30101,2338,70,0
30101,1944,71,0
30101,9938,72,0
30101,1739,73,0
30101,4456,74,0
30101,24057,75,0
30101,3060,76,0
30101,15127,77,0
30101,779,78,0
30101,489,79,0
30101,1260,80,0
30101,4342,81,0
30101,15133,82,0
30101,15129,83,0
30101,4425,84,0
30101,15135,85,0
30101,10371,86,0
30101,4598,87,0
30101,4364,88,0
30101,4143,89,1
30102,1958,1,0
30102,2332,2,0
30102,2240,3,0
30102,4413,4,0
30102,2086,5,0
30102,15131,6,0
30102,6851,7,0
30102,704,8,0
30102,1653,9,0
30102,3624,10,0
30102,10102,11,0
30102,7899,12,0
30102,8418,13,0
30102,7639,14,0
30102,8686,15,0
30102,9071,16,0
30102,9335,17,0
30102,15686,18,0
30102,6528,19,0
30102,5611,20,0
30102,9605,21,0
30102,5890,22,0
30102,5141,23,0
30102,7460,24,0
30102,10237,25,0
30102,9878,26,0
30102,8975,27,0
30102,6877,28,0
30102,8938,29,0
30102,10473,30,0
30102,10444,31,0
30102,1227,32,0
30102,24133,33,0
30102,6830,34,0
30102,5669,35,0
30102,8858,36,0
30102,5667,37,0
30102,2156,38,0
30102,9148,39,0
30102,3706,40,0
30102,6466,41,0
30102,5230,42,0
30102,10320,43,0
30102,1353,44,0
30102,4223,45,0
30102,6827,46,0
30102,1258,47,0
30102,9222,48,0
30102,1926,49,0
30102,9382,50,0
30102,1593,51,0
30102,9317,52,0
30102,6463,53,0
30102,1737,54,0
30102,5577,55,0
30102,8445,56,0
30102,1750,57,0
30102,4143,58,0
30102,3196,59,0
30102,15138,60,0
30102,6992,61,0
30102,10076,62,0
30102,15130,63,0
30102,8746,64,0
30102,15134,65,0
30102,4371,66,0
30102,9143,67,0
30102,4034,68,0
30102,15128,69,0
30102,1189,70,0
30102,3385,71,0
30102,8882,72,0
30102,746,73,0
30102,1744,74,0
30102,2650,75,0
30102,3577,76,0
30102,6902,77,0
30102,6682,78,0
30102,3384,79,0
30102,7385,80,0
30102,1070,81,0
30102,10272,82,0
30102,8731,83,0
30102,7217,84,0
30102,5599,85,0
30102,7950,86,0
30102,5706,87,0
30102,9301,88,0
30102,9043,89,1
30401,310,1,0
30401,295,2,0
30401,1115,3,0
30401,14808,4,0
30401,14728,5,0
30401,14727,6,0
30401,7949,7,0
30401,14726,8,0
30401,1878,9,0
30401,1398,10,0
30401,10278,11,0
30401,5447,12,0
30401,945,13,0
30401,4568,14,0
30401,6113,15,0
30401,8860,16,0
30401,15344,17,0
30401,15145,18,0
30401,5467,19,0
30401,8998,20,0
30401,5422,21,0
30401,437,22,0
30401,3039,23,0
30401,2452,24,0
30401,23897,25,0
30401,23896,26,0
30401,23895,27,0
30401,23893,28,0
30401,23891,29,0
30401,23889,30,0
30401,23887,31,0
30401,23885,32,0
30401,23898,33,0
30401,23883,34,0
30401,8338,35,0
30401,15143,36,0
30401,8207,37,0
30401,1712,38,0
30401,1909,39,0
30401,15142,40,0
30401,6678,41,0
30401,3443,42,0
30401,1966,43,0
30401,3886,44,0
30401,6205,45,0
30401,4891,46,0
30401,10098,47,0
30401,3720,48,0
30401,9752,49,0
30401,6517,50,0
30401,8560,51,0
30401,2217,52,1
30402,14807,1,0
30402,9854,2,0
30402,987,3,0
30402,8244,4,0
30402,9383,5,0
30402,1222,6,0
30402,7898,7,0
30402,310,8,0
30402,4402,9,0
30402,2800,10,0
30402,3442,11,0
30402,8499,12,0
30402,7801,13,0
30402,4197,14,0
30402,7809,15,0
30402,10353,16,0
30402,8223,17,0
30402,7690,18,0
30402,4041,19,0
30402,1070,20,0
30402,1159,21,0
30402,10198,22,0
30402,7621,23,0
30402,1389,24,0
30402,1581,25,0
30402,1962,26,0
30402,23882,27,0
30402,23899,28,0
30402,23884,29,0
30402,23886,30,0
30402,23888,31,0
30402,23890,32,0
30402,23892,33,0
30402,23894,34,0
30402,5279,35,0
30402,7211,36,0
30402,954,37,0
30402,2333,38,0
30402,2462,39,0
30402,8560,40,0
30402,2217,41,0
30402,5091,42,0
30402,10438,43,0
30402,4341,44,0
30402,4698,45,0
30402,14701,46,0
30402,7718,47,0
30402,1111,48,0
30402,5294,49,0
30402,3798,50,0
30402,4692,51,0
30402,6129,52,0
30402,4396,53,0
30402,6113,54,1
30601,310,1,0
30601,295,2,0
30601,6600,3,0
30601,2954,4,0
30601,2243,5,0
30601,7506,6,0
30601,8412,7,0
30601,1690,8,0
30601,1861,9,0
30601,8281,10,0
30601,9321,11,0
30601,2213,12,0
30601,9523,13,0
30601,9798,14,0
30601,6387,15,0
30601,1403,16,0
30601,4638,17,0
30601,6774,18,0
30601,1010,19,0
30601,2748,20,0
30601,1459,21,0
30601,3206,22,0
30601,7426,23,0
30601,5462,24,0
30601,4865,25,0
30601,3962,26,0
30601,5993,27,0
30601,1942,28,0
30601,7913,29,0
30601,2350,30,0
30601,615,31,0
30601,9014,32,0
30601,3246,33,0
30601,2676,34,0
30601,6259,35,0
30601,688,36,0
30601,3903,37,0
30601,4891,38,0
30601,10098,39,0
30601,3720,40,0
30601,9752,41,0
30601,6517,42,0
30601,9320,43,0
30601,8985,44,0
30601,3762,45,0
30601,10311,46,0
30601,7733,47,0
30601,4921,48,0
30601,4875,49,0
30601,10305,50,0
30601,6955,51,0
30601,3567,52,0
30601,3368,53,0
30601,3797,54,0
30601,8980,55,0
30601,8633,56,0
30601,963,57,0
30601,4705,58,0
30601,3478,59,0
30601,6022,60,0
30601,1201,61,0
30601,9851,62,0
30601,8500,63,0
30601,549,64,1
30602,3867,1,0
30602,553,2,0
30602,800,3,0
30602,8056,4,0
30602,4414,5,0
30602,2621,6,0
30602,1268,7,0
30602,6656,8,0
30602,4443,9,0
30602,4650,10,0
30602,10283,11,0
30602,2048,12,0
30602,15149,13,0
30602,4325,14,0
30602,1123,15,0
30602,7935,16,0
30602,3292,17,0
30602,971,18,0
30602,3164,19,0
30602,8702,20,0
30602,10019,21,0
30602,7703,22,0
30602,4575,23,0
30602,4402,24,0
30602,2800,25,0
30602,3442,26,0
30602,8499,27,0
30602,7801,28,0
30602,4197,29,0
30602,7809,30,0
30602,10353,31,0
30602,8991,32,0
30602,7379,33,0
30602,2976,34,0
30602,2615,35,0
30602,7132,36,0
30602,614,37,0
30602,1694,38,0
30602,2737,39,0
30602,4797,40,0
30602,1016,41,0
30602,3548,42,0
30602,7982,43,0
30602,8914,44,0
30602,5948,45,0
30602,10367,46,0
30602,5013,47,0
30602,9193,48,0
30602,1782,49,0
30602,2878,50,0
30602,1566,51,0
30602,8274,52,0
30602,8416,53,0
30602,2568,54,0
30602,8354,55,0
30602,4012,56,0
30602,3069,57,0
30602,1039,58,0
30602,10033,59,0
30602,8135,60,0
30602,4902,61,0
30602,1195,62,0
30602,5094,63,0
30602,5074,64,0
30602,7898,65,0
30602,310,66,0
30602,9306,67,0
30602,7913,68,0
30602,2350,69,0
30602,9014,70,1
31003,9227,1,0
31003,10390,2,0
31003,15124,3,0
31003,7412,4,0
31003,6075,5,0
31003,9243,6,0
31003,8068,7,0
31003,5275,8,0
31003,10089,9,0
31003,8346,10,0
31003,7582,11,0
31003,1288,12,0
31003,1138,13,0
31003,6577,14,0
31003,6730,15,0
31003,6145,16,0
31003,2291,17,0
31003,5927,18,0
31003,14339,19,1
31004,14339,1,0
31004,7162,2,0
31004,5136,3,0
31004,3741,4,0
31004,3323,5,0
31004,3159,6,0
31004,10093,7,0
31004,2097,8,0
31004,9203,9,0
31004,10089,10,0
31004,10138,11,0
31004,6953,12,0
31004,6639,13,0
31004,2125,14,0
31004,15122,15,0
31004,15123,16,0
31004,1551,17,0
31004,9227,18,1
50101,1750,1,0
50101,1073,2,0
50101,4736,3,0
50101,1719,4,0
50101,1233,5,0
50101,2957,6,0
50101,4779,7,0
50101,7984,8,0
50101,5188,9,0
50101,5479,10,0
50101,5050,11,0
50101,3370,12,0
50101,7245,13,0
50101,7612,14,0
50101,6435,15,0
50101,7847,16,0
50101,1299,17,0
50101,8173,18,0
50101,2173,19,0
50101,5516,20,0
50101,8764,21,0
50101,10217,22,0
50101,5692,23,0
50101,9453,24,0
50101,2061,25,0
50101,9423,26,0
50101,3296,27,0
50101,7813,28,0
50101,10266,29,0
50101,6256,30,0
50101,8901,31,0
50101,4236,32,0
50101,8941,33,0
50101,4321,34,0
50101,1878,35,0
50101,1398,36,0
50101,10278,37,0
50101,5447,38,0
50101,945,39,0
50101,4698,40,0
50101,4031,41,0
50101,15139,42,0
50101,5899,43,0
50101,8263,44,0
50101,9093,45,0
50101,2140,46,0
50101,5250,47,0
50101,3896,48,0
50101,3399,49,0
50101,4514,50,0
50101,8269,51,0
50101,10294,52,0
50101,7060,53,0
50101,6319,54,0
50101,7321,55,0
50101,9183,56,0
50101,3575,57,0
50101,6108,58,0
50101,2666,59,0
50101,9691,60,0
50101,8082,61,0
50101,4584,62,0
50101,7480,63,0
50101,1300,64,0
50101,5087,65,0
50101,10054,66,0
50101,1301,67,0
50101,6678,68,0
50101,3443,69,0
50101,7665,70,0
50101,7234,71,0
50101,3836,72,0
50101,2338,73,0
50101,1944,74,0
50101,9938,75,0
50101,1739,76,0
50101,4456,77,0
50101,24057,78,0
50101,3060,79,0
50101,15127,80,0
50101,779,81,0
50101,489,82,0
50101,1260,83,0
50101,4342,84,0
50101,15133,85,0
50101,15129,86,0
50101,4425,87,0
50101,15135,88,0
50101,10371,89,0
50101,4598,90,0
50101,4364,91,0
50101,4143,92,1
50102,4143,1,0
50102,3196,2,0
50102,15138,3,0
50102,6992,4,0
50102,10076,5,0
50102,15130,6,0
50102,8746,7,0
50102,15134,8,0
50102,4371,9,0
50102,9143,10,0
50102,4034,11,0
50102,15128,12,0
50102,1189,13,0
50102,3385,14,0
50102,8882,15,0
50102,746,16,0
50102,1744,17,0
50102,2650,18,0
50102,3577,19,0
50102,6902,20,0
50102,6682,21,0
50102,3384,22,0
50102,7385,23,0
50102,1070,24,0
50102,10272,25,0
50102,8731,26,0
50102,7217,27,0
50102,5599,28,0
50102,7950,29,0
50102,5706,30,0
50102,9301,31,0
50102,9043,32,0
50102,1958,33,0
50102,2332,34,0
50102,2240,35,0
50102,4413,36,0
50102,2086,37,0
50102,15131,38,0
50102,6851,39,0
50102,704,40,0
50102,1653,41,0
50102,3624,42,0
50102,10102,43,0
50102,7899,44,0
50102,8418,45,0
50102,7639,46,0
50102,8686,47,0
50102,9071,48,0
50102,9335,49,0
50102,15686,50,0
50102,6528,51,0
50102,5611,52,0
50102,9605,53,0
50102,5890,54,0
50102,5141,55,0
50102,7460,56,0
50102,10237,57,0
50102,9878,58,0
50102,8975,59,0
50102,6877,60,0
50102,8938,61,0
50102,10473,62,0
50102,10444,63,0
50102,10441,64,0
50102,3374,65,0
50102,3296,66,0
50102,24133,67,0
50102,6830,68,0
50102,5669,69,0
50102,8858,70,0
50102,5667,71,0
50102,2156,72,0
50102,9148,73,0
50102,3706,74,0
50102,6466,75,0
50102,5230,76,0
50102,10320,77,0
50102,1353,78,0
50102,4223,79,0
50102,6827,80,0
50102,1258,81,0
50102,9222,82,0
50102,1926,83,0
50102,9382,84,0
50102,1593,85,0
50102,9317,86,0
50102,6463,87,0
50102,1737,88,0
50102,5577,89,0
50102,8445,90,0
50102,1750,91,1
50301,10089,1,0
50301,23893,2,0
50301,23891,3,0
50301,23889,4,0
50301,23887,5,0
50301,23885,6,0
50301,23898,7,0
50301,23883,8,0
50301,8338,9,0
50301,15143,10,0
50301,8207,11,0
50301,1712,12,0
50301,1909,13,0
50301,15142,14,0
50301,6678,15,0
50301,3443,16,0
50301,7665,17,0
50301,7234,18,0
50301,3836,19,0
50301,2338,20,0
50301,1944,21,0
50301,9938,22,0
50301,1739,23,0
50301,4456,24,0
50301,24057,25,0
50301,3060,26,0
50301,15127,27,0
50301,779,28,0
50301,490,29,0
50301,4861,30,0
50301,8219,31,0
50301,8597,32,0
50301,4859,33,0
50301,9300,34,0
50301,7795,35,0
50301,1810,36,0
50301,797,37,0
50301,7957,38,0
50301,4019,39,0
50301,1030,40,0
50301,1480,41,1
50302,1480,1,0
50302,2863,2,0
50302,9054,3,0
50302,3301,4,0
50302,15140,5,0
50302,9441,6,0
50302,4119,7,0
50302,6290,8,0
50302,9032,9,0
50302,15141,10,0
50302,6027,11,0
50302,3281,12,0
50302,4577,13,0
50302,4034,14,0
50302,15128,15,0
50302,1189,16,0
50302,3385,17,0
50302,8882,18,0
50302,746,19,0
50302,1744,20,0
50302,2650,21,0
50302,3577,22,0
50302,6902,23,0
50302,6682,24,0
50302,3384,25,0
50302,7385,26,0
50302,1070,27,0
50302,1159,28,0
50302,10198,29,0
50302,7621,30,0
50302,1389,31,0
50302,1581,32,0
50302,1962,33,0
50302,23882,34,0
50302,23899,35,0
50302,23884,36,0
50302,23886,37,0
50302,23888,38,0
50302,23890,39,0
50302,23892,40,0
50302,5275,41,0
50302,10089,42,1
50401,310,1,0
50401,295,2,0
50401,1115,3,0
50401,14808,4,0
50401,14728,5,0
50401,14727,6,0
50401,7949,7,0
50401,14726,8,0
50401,4692,9,0
50401,1878,10,0
50401,1398,11,0
50401,10278,12,0
50401,5447,13,0
50401,945,14,0
50401,4568,15,0
50401,6113,16,0
50401,8860,17,0
50401,15344,18,0
50401,15145,19,0
50401,5467,20,0
50401,8998,21,0
50401,5422,22,0
50401,437,23,0
50401,3039,24,0
50401,2452,25,0
50401,23897,26,0
50401,23896,27,0
50401,23895,28,0
50401,23893,29,0
50401,23891,30,0
50401,23889,31,0
50401,23887,32,0
50401,23885,33,0
50401,23898,34,0
50401,23883,35,0
50401,8338,36,0
50401,15143,37,0
50401,8207,38,0
50401,1712,39,0
50401,1909,40,0
50401,15142,41,0
50401,6678,42,0
50401,3443,43,0
50401,1966,44,0
50401,3886,45,0
50401,6205,46,0
50401,4891,47,0
50401,10098,48,0
50401,3720,49,0
50401,9752,50,0
50401,15355,51,0
50401,8560,52,0
50401,2217,53,1
50402,14161,1,0
50402,4402,2,0
50402,2800,3,0
50402,3442,4,0
50402,8499,5,0
50402,7801,6,0
50402,4197,7,0
50402,7809,8,0
50402,10353,9,0
50402,8223,10,0
50402,7690,11,0
50402,4041,12,0
50402,1070,13,0
50402,1159,14,0
50402,10198,15,0
50402,15356,16,0
50402,15354,17,0
50402,7621,18,0
50402,1389,19,0
50402,1581,20,0
50402,1962,21,0
50402,23882,22,0
50402,23899,23,0
50402,23884,24,0
50402,23886,25,0
50402,23888,26,0
50402,23890,27,0
50402,23892,28,0
50402,23894,29,0
50402,5279,30,0
50402,7211,31,0
50402,954,32,0
50402,2333,33,0
50402,2462,34,0
50402,8560,35,0
50402,2217,36,0
50402,5091,37,0
50402,10438,38,0
50402,4341,39,0
50402,4698,40,0
50402,14701,41,0
50402,7718,42,0
50402,1111,43,0
50402,5294,44,0
50402,3798,45,0
50402,4692,46,0
50402,6129,47,0
50402,4396,48,0
50402,6113,49,0
50402,5890,50,0
50402,5141,51,0
50402,7460,52,0
50402,10237,53,0
50402,9878,54,0
50402,8975,55,0
50402,14837,56,0
50402,14807,57,0
50402,9854,58,0
50402,987,59,0
50402,8244,60,0
50402,9383,61,0
50402,1222,62,0
50402,7898,63,0
50402,14186,64,0
50402,310,65,1
50601,5292,1,0
50601,8673,2,0
50601,2958,3,0
50601,8763,4,0
50601,8999,5,0
50601,9132,6,0
50601,2954,7,0
50601,2243,8,0
50601,7506,9,0
50601,8412,10,0
50601,1690,11,0
50601,1861,12,0
50601,8281,13,0
50601,9321,14,0
50601,2213,15,0
50601,9523,16,0
50601,9798,17,0
50601,6387,18,0
50601,1403,19,0
50601,4638,20,0
50601,6774,21,0
50601,1010,22,0
50601,2748,23,0
50601,1459,24,0
50601,3206,25,0
50601,7426,26,0
50601,5462,27,0
50601,4865,28,0
50601,3962,29,0
50601,5993,30,0
50601,1942,31,0
50601,7913,32,0
50601,2350,33,0
50601,615,34,0
50601,9014,35,0
50601,3246,36,0
50601,2676,37,0
50601,6259,38,0
50601,688,39,0
50601,3903,40,0
50601,9320,41,0
50601,8985,42,0
50601,3762,43,0
50601,10311,44,0
50601,7733,45,0
50601,4921,46,0
50601,4875,47,0
50601,10305,48,0
50601,6955,49,0
50601,3567,50,0
50601,3368,51,0
50601,3797,52,0
50601,8980,53,0
50601,8633,54,0
50601,963,55,0
50601,4705,56,0
50601,3478,57,0
50601,6022,58,0
50601,1201,59,0
50601,9851,60,0
50601,8500,61,0
50601,549,62,0
50601,14260,63,0
50601,2483,64,1
50602,14260,1,0
50602,3867,2,0
50602,553,3,0
50602,800,4,0
50602,8056,5,0
50602,4414,6,0
50602,2621,7,0
50602,1268,8,0
50602,6656,9,0
50602,4443,10,0
50602,4650,11,0
50602,10283,12,0
50602,2048,13,0
50602,15149,14,0
50602,4325,15,0
50602,1123,16,0
50602,7935,17,0
50602,3292,18,0
50602,971,19,0
50602,3164,20,0
50602,8702,21,0
50602,10019,22,0
50602,7703,23,0
50602,4575,24,0
50602,8991,25,0
50602,7379,26,0
50602,2976,27,0
50602,2615,28,0
50602,7132,29,0
50602,2483,30,0
50602,614,31,0
50602,1694,32,0
50602,2737,33,0
50602,4797,34,0
50602,1016,35,0
50602,3548,36,0
50602,7982,37,0
50602,8914,38,0
50602,5948,39,0
50602,10367,40,0
50602,5013,41,0
50602,9193,42,0
50602,1782,43,0
50602,2878,44,0
50602,1566,45,0
50602,8274,46,0
50602,8416,47,0
50602,2568,48,0
50602,8354,49,0
50602,4012,50,0
50602,3069,51,0
50602,1039,52,0
50602,10033,53,0
50602,8135,54,0
50602,3310,55,0
50602,9306,56,0
50602,7913,57,0
50602,2350,58,0
50602,9014,59,0
50602,4902,60,0
50602,1195,61,0
50602,5094,62,0
50602,9132,63,0
50602,8457,64,0
50602,4538,65,0
50602,5292,66,1
50901,462,1,0
50901,7734,2,0
50901,12913,3,0
50901,12898,4,0
50901,632,5,0
50901,1031,6,0
50901,3926,7,0
50901,2125,8,0
50901,15122,9,0
50901,15123,10,0
50901,1551,11,0
50901,9227,12,1
50902,9227,1,0
50902,10390,2,0
50902,15124,3,0
50902,7412,4,0
50902,2128,5,0
50902,1296,6,0
50902,6761,7,0
50902,4439,8,0
50902,12891,9,0
50902,12919,10,0
50902,10399,11,0
50902,15016,12,0
50902,462,13,1
51003,9227,1,0
51003,10390,2,0
51003,15124,3,0
51003,7412,4,0
51003,6075,5,0
51003,478,6,0
51003,9243,7,0
51003,8068,8,0
51003,5275,9,0
51003,10089,10,0
51003,8346,11,0
51003,7582,12,0
51003,1288,13,0
51003,1138,14,0
51003,6577,15,0
51003,6730,16,0
51003,6145,17,0
51003,2291,18,0
51003,5927,19,0
51003,14339,20,1
51004,14339,1,0
51004,7162,2,0
51004,5136,3,0
51004,3741,4,0
51004,3323,5,0
51004,3159,6,0
51004,10093,7,0
51004,2097,8,0
51004,9203,9,0
51004,10089,10,0
51004,10138,11,0
51004,6953,12,0
51004,6639,13,0
51004,2125,14,0
51004,478,15,0
51004,15122,16,0
51004,15123,17,0
51004,1551,18,0
51004,9227,19,1
51103,463,1,0
51103,7734,2,0
51103,12913,3,0
51103,12898,4,0
51103,632,5,0
51103,2380,6,0
51103,15048,7,0
51103,7197,8,0
51103,5399,9,0
51103,15126,10,0
51103,4322,11,0
51103,6072,12,0
51103,3455,13,0
51103,8508,14,0
51103,7317,15,0
51103,9659,16,0
51103,14142,17,1
51104,14142,1,0
51104,15125,2,0
51104,8105,3,0
51104,6594,4,0
51104,10342,5,0
51104,4389,6,0
51104,2181,7,0
51104,9662,8,0
51104,1068,9,0
51104,5469,10,0
51104,15049,11,0
51104,7478,12,0
51104,4439,13,0
51104,12891,14,0
51104,12919,15,0
51104,10399,16,0
51104,15016,17,0
51104,463,18,1
51201,14688,1,0
51201,14838,2,0
51201,14674,3,0
51201,14672,4,0
51201,14670,5,0
51201,14668,6,0
51201,14666,7,0
51201,475,8,0
51201,14382,9,0
51201,14383,10,0
51201,14384,11,0
51201,14385,12,0
51201,14386,13,0
51201,14387,14,0
51201,14388,15,0
51201,14389,16,0
51201,14390,17,0
51201,14391,18,0
51201,8868,19,0
51201,8869,20,0
51201,15685,21,0
51201,8875,22,0
51201,8876,23,0
51201,8976,24,0
51201,10450,25,0
51201,1494,26,0
51201,2189,27,0
51201,14295,28,1
51202,14295,1,0
51202,8877,2,0
51202,5795,3,0
51202,1649,4,0
51202,5819,5,0
51202,6461,6,0
51202,10424,7,0
51202,5735,8,0
51202,14297,9,0
51202,8870,10,0
51202,8867,11,0
51202,14392,12,0
51202,14393,13,0
51202,14394,14,0
51202,14395,15,0
51202,14396,16,0
51202,14397,17,0
51202,14398,18,0
51202,14399,19,0
51202,14400,20,0
51202,14665,21,0
51202,14667,22,0
51202,14669,23,0
51202,14671,24,0
51202,14673,25,0
51202,14675,26,0
51202,14688,27,1
