30100,0,'East',301
30101,0,'West',301
30400,0,'East',304
30401,0,'West',304
30600,0,'East',306
30601,0,'West',306
31001,0,'North',310
31000,0,'South',310
50100,0,'East',501
50101,0,'West',501
50300,0,'East',503
50301,0,'West',503
50400,0,'East',504
50401,0,'West',504
50500,0,'East',505
50501,0,'West',505
50600,0,'East',506
50601,0,'West',506
50900,0,'East',509
50901,0,'West',509
51001,0,'North',510
51000,0,'South',510
51101,0,'North',511
51100,0,'South',511
51200,0,'East',512
51201,0,'West',512
