30101,1750,1,0
30101,1073,2,0
30101,4736,3,0
30101,1719,4,0
30101,1233,5,0
30101,2957,6,0
30101,4779,7,0
30101,7984,8,0
30101,5188,9,0
30101,5479,10,0
30101,5050,11,0
30101,3370,12,0
30101,7245,13,0
30101,7612,14,0
30101,6435,15,0
30101,24087,16,0
30101,24085,17,0
30101,24086,18,0
30101,2173,19,0
30101,5516,20,0
30101,8764,21,0
30101,10217,22,0
30101,5692,23,0
30101,9453,24,0
30101,2061,25,0
30101,9423,26,0
30101,7813,27,0
30101,10266,28,0
30101,6256,29,0
30101,8901,30,0
30101,4236,31,0
30101,8941,32,0
30101,4321,33,0
30101,15132,34,0
30101,7830,35,0
30101,10323,36,0
30101,2136,37,0
30101,9607,38,0
30101,9255,39,0
30101,15139,40,0
30101,5899,41,0
30101,8263,42,0
30101,9093,43,0
30101,2140,44,0
30101,5250,45,0
30101,3896,46,0
30101,3399,47,0
30101,4514,48,0
30101,8269,49,0
30101,10294,50,0
30101,7060,51,0
30101,6319,52,0
30101,7321,53,0
30101,9183,54,0
30101,3575,55,0
30101,6108,56,0
30101,2666,57,0
30101,9691,58,0
30101,8082,59,0
30101,4584,60,0
30101,7480,61,0
30101,1300,62,0
30101,5087,63,0
30101,10054,64,0
30101,1301,65,0
30101,6678,66,0
30101,3443,67,0
30101,7665,68,0
30101,7234,69,0
30101,3836,70,0
30101,2338,71,0
30101,1944,72,0
30101,9938,73,0
30101,1739,74,0
30101,4456,75,0
30101,24057,76,0
30101,3060,77,0
30101,15127,78,0
30101,779,79,0
30101,489,80,0
30101,1260,81,0
30101,4342,82,0
30101,15133,83,0
30101,15129,84,0
30101,4425,85,0
30101,15135,86,0
30101,10371,87,0
30101,4598,88,0
30101,4364,89,0
30101,4143,90,1
30102,4143,1,0
30102,3196,2,0
30102,15138,3,0
30102,6992,4,0
30102,10076,5,0
30102,15130,6,0
30102,8746,7,0
30102,15134,8,0
30102,4371,9,0
30102,9143,10,0
30102,4034,11,0
30102,15128,12,0
30102,1189,13,0
30102,3385,14,0
30102,8882,15,0
30102,746,16,0
30102,1744,17,0
30102,2650,18,0
30102,3577,19,0
30102,6902,20,0
30102,6682,21,0
30102,3384,22,0
30102,7385,23,0
30102,1070,24,0
30102,10272,25,0
30102,8731,26,0
30102,7217,27,0
30102,5599,28,0
30102,7950,29,0
30102,5706,30,0
30102,9301,31,0
30102,9043,32,0
30102,1958,33,0
30102,2332,34,0
30102,2240,35,0
30102,4413,36,0
30102,2086,37,0
30102,15131,38,0
30102,6851,39,0
30102,704,40,0
30102,1653,41,0
30102,3624,42,0
30102,10102,43,0
30102,7899,44,0
30102,8418,45,0
30102,7639,46,0
30102,8686,47,0
30102,9071,48,0
30102,9335,49,0
30102,15686,50,0
30102,6528,51,0
30102,14701,52,0
30102,7718,53,0
30102,1111,54,0
30102,5294,55,0
30102,3798,56,0
30102,4692,57,0
30102,9459,58,0
30102,6877,59,0
30102,8938,60,0
30102,10473,61,0
30102,10444,62,0
30102,10441,63,0
30102,3374,64,0
30102,1227,65,0
30102,9377,66,0
30102,6830,67,0
30102,5669,68,0
30102,8858,69,0
30102,5667,70,0
30102,2156,71,0
30102,9148,72,0
30102,3706,73,0
30102,6466,74,0
30102,5230,75,0
30102,10320,76,0
30102,1353,77,0
30102,4223,78,0
30102,6827,79,0
30102,1258,80,0
30102,9222,81,0
30102,1926,82,0
30102,9382,83,0
30102,1593,84,0
30102,9317,85,0
30102,6463,86,0
30102,1737,87,0
30102,5577,88,0
30102,8445,89,0
30102,1750,90,1
30401,310,1,0
30401,1115,2,0
30401,14808,3,0
30401,14728,4,0
30401,14727,5,0
30401,7949,6,0
30401,14726,7,0
30401,10325,8,0
30401,1878,9,0
30401,1398,10,0
30401,10278,11,0
30401,5447,12,0
30401,945,13,0
30401,4568,14,0
30401,15145,15,0
30401,5467,16,0
30401,8998,17,0
30401,5422,18,0
30401,437,19,0
30401,3039,20,0
30401,2452,21,0
30401,23897,22,0
30401,23896,23,0
30401,23895,24,0
30401,23893,25,0
30401,23891,26,0
30401,23889,27,0
30401,23887,28,0
30401,23885,29,0
30401,23898,30,0
30401,23883,31,0
30401,8338,32,0
30401,15143,33,0
30401,8207,34,0
30401,1712,35,0
30401,1909,36,0
30401,15142,37,0
30401,6678,38,0
30401,3443,39,0
30401,1966,40,0
30401,3886,41,0
30401,6205,42,0
30401,4891,43,0
30401,10098,44,0
30401,3720,45,0
30401,9752,46,0
30401,6517,47,1
30402,4402,1,0
30402,2800,2,0
30402,3442,3,0
30402,8499,4,0
30402,7801,5,0
30402,4197,6,0
30402,7809,7,0
30402,10353,8,0
30402,8223,9,0
30402,7690,10,0
30402,4041,11,0
30402,1070,12,0
30402,1159,13,0
30402,10198,14,0
30402,7621,15,0
30402,1389,16,0
30402,1581,17,0
30402,1962,18,0
30402,23882,19,0
30402,23899,20,0
30402,23884,21,0
30402,23886,22,0
30402,23888,23,0
30402,23890,24,0
30402,23892,25,0
30402,23894,26,0
30402,5279,27,0
30402,7211,28,0
30402,954,29,0
30402,2333,30,0
30402,2462,31,0
30402,8560,32,0
30402,2217,33,0
30402,10438,34,0
30402,4341,35,0
30402,5890,36,0
30402,5141,37,0
30402,7460,38,0
30402,10237,39,0
30402,9878,40,0
30402,8975,41,0
30402,14837,42,0
30402,14807,43,0
30402,9854,44,0
30402,987,45,0
30402,8244,46,0
30402,9383,47,0
30402,1222,48,0
30402,7898,49,1
31003,9227,1,0
31003,10390,2,0
31003,15124,3,0
31003,7412,4,0
31003,6075,5,0
31003,9243,6,0
31003,8068,7,0
31003,5275,8,0
31003,10089,9,0
31003,8346,10,0
31003,7582,11,0
31003,1288,12,0
31003,1138,13,0
31003,6577,14,0
31003,6730,15,0
31003,6145,16,0
31003,2291,17,0
31003,5927,18,0
31003,14339,19,1
31004,14339,1,0
31004,7162,2,0
31004,5136,3,0
31004,3741,4,0
31004,3323,5,0
31004,3159,6,0
31004,10093,7,0
31004,2097,8,0
31004,9203,9,0
31004,10089,10,0
31004,10138,11,0
31004,6953,12,0
31004,6639,13,0
31004,2125,14,0
31004,15122,15,0
31004,15123,16,0
31004,1551,17,0
31004,9227,18,1
50101,1750,1,0
50101,1073,2,0
50101,4736,3,0
50101,1719,4,0
50101,1233,5,0
50101,2957,6,0
50101,4779,7,0
50101,7984,8,0
50101,5188,9,0
50101,5479,10,0
50101,5050,11,0
50101,3370,12,0
50101,7245,13,0
50101,7612,14,0
50101,6435,15,0
50101,24087,16,0
50101,24085,17,0
50101,24086,18,0
50101,2173,19,0
50101,5516,20,0
50101,8764,21,0
50101,10217,22,0
50101,5692,23,0
50101,9453,24,0
50101,2061,25,0
50101,9423,26,0
50101,14968,27,0
50101,472,28,0
50101,3576,29,0
50101,7813,30,0
50101,10266,31,0
50101,6256,32,0
50101,8901,33,0
50101,4236,34,0
50101,8941,35,0
50101,4321,36,0
50101,15132,37,0
50101,7830,38,0
50101,10323,39,0
50101,2136,40,0
50101,9607,41,0
50101,9255,42,0
50101,15139,43,0
50101,5899,44,0
50101,8263,45,0
50101,9093,46,0
50101,2140,47,0
50101,5250,48,0
50101,3896,49,0
50101,3399,50,0
50101,4514,51,0
50101,8269,52,0
50101,10294,53,0
50101,7060,54,0
50101,6319,55,0
50101,7321,56,0
50101,9183,57,0
50101,3575,58,0
50101,6108,59,0
50101,2666,60,0
50101,9691,61,0
50101,8082,62,0
50101,4584,63,0
50101,7480,64,0
50101,1300,65,0
50101,5087,66,0
50101,10054,67,0
50101,1301,68,0
50101,6678,69,0
50101,3443,70,0
50101,7665,71,0
50101,7234,72,0
50101,3836,73,0
50101,2338,74,0
50101,1944,75,0
50101,9938,76,0
50101,1739,77,0
50101,4456,78,0
50101,24057,79,0
50101,3060,80,0
50101,15127,81,0
50101,779,82,0
50101,489,83,0
50101,1260,84,0
50101,4342,85,0
50101,15133,86,0
50101,15129,87,0
50101,4425,88,0
50101,15135,89,0
50101,10371,90,0
50101,4598,91,0
50101,4364,92,0
50101,4143,93,1
50102,4143,1,0
50102,3196,2,0
50102,15138,3,0
50102,6992,4,0
50102,10076,5,0
50102,15130,6,0
50102,8746,7,0
50102,15134,8,0
50102,4371,9,0
50102,9143,10,0
50102,4034,11,0
50102,15128,12,0
50102,1189,13,0
50102,3385,14,0
50102,8882,15,0
50102,746,16,0
50102,1744,17,0
50102,2650,18,0
50102,3577,19,0
50102,6902,20,0
50102,6682,21,0
50102,3384,22,0
50102,7385,23,0
50102,1070,24,0
50102,10272,25,0
50102,8731,26,0
50102,7217,27,0
50102,5599,28,0
50102,7950,29,0
50102,5706,30,0
50102,9301,31,0
50102,9043,32,0
50102,1958,33,0
50102,2332,34,0
50102,2240,35,0
50102,4413,36,0
50102,2086,37,0
50102,15131,38,0
50102,6851,39,0
50102,704,40,0
50102,1653,41,0
50102,3624,42,0
50102,10102,43,0
50102,7899,44,0
50102,8418,45,0
50102,7639,46,0
50102,8686,47,0
50102,9071,48,0
50102,9335,49,0
50102,15686,50,0
50102,6528,51,0
50102,14701,52,0
50102,7718,53,0
50102,1111,54,0
50102,5294,55,0
50102,3798,56,0
50102,4692,57,0
50102,9459,58,0
50102,6877,59,0
50102,8938,60,0
50102,10473,61,0
50102,10444,62,0
50102,10441,63,0
50102,3374,64,0
50102,472,65,0
50102,14968,66,0
50102,1227,67,0
50102,9377,68,0
50102,6830,69,0
50102,5669,70,0
50102,8858,71,0
50102,5667,72,0
50102,2156,73,0
50102,9148,74,0
50102,3706,75,0
50102,6466,76,0
50102,5230,77,0
50102,10320,78,0
50102,1353,79,0
50102,4223,80,0
50102,6827,81,0
50102,1258,82,0
50102,9222,83,0
50102,1926,84,0
50102,9382,85,0
50102,1593,86,0
50102,9317,87,0
50102,6463,88,0
50102,1737,89,0
50102,5577,90,0
50102,8445,91,0
50102,1750,92,1
50301,878,1,0
50301,921,2,0
50301,23887,3,0
50301,23885,4,0
50301,23898,5,0
50301,23883,6,0
50301,8338,7,0
50301,15143,8,0
50301,8207,9,0
50301,1712,10,0
50301,1909,11,0
50301,15142,12,0
50301,6678,13,0
50301,3443,14,0
50301,7665,15,0
50301,7234,16,0
50301,3836,17,0
50301,2338,18,0
50301,1944,19,0
50301,9938,20,0
50301,1739,21,0
50301,4456,22,0
50301,24057,23,0
50301,3060,24,0
50301,15127,25,0
50301,779,26,0
50301,490,27,0
50301,4861,28,0
50301,8219,29,0
50301,8597,30,0
50301,4859,31,0
50301,9300,32,0
50301,7795,33,0
50301,1810,34,0
50301,797,35,0
50301,7957,36,0
50301,4019,37,0
50301,5686,38,0
50301,1030,39,0
50301,1480,40,1
50302,1480,1,0
50302,2863,2,0
50302,9054,3,0
50302,3301,4,0
50302,15140,5,0
50302,9441,6,0
50302,4119,7,0
50302,6290,8,0
50302,9032,9,0
50302,15141,10,0
50302,6027,11,0
50302,3281,12,0
50302,4577,13,0
50302,4034,14,0
50302,15128,15,0
50302,1189,16,0
50302,3385,17,0
50302,8882,18,0
50302,746,19,0
50302,1744,20,0
50302,2650,21,0
50302,3577,22,0
50302,6902,23,0
50302,6682,24,0
50302,3384,25,0
50302,7385,26,0
50302,1070,27,0
50302,1159,28,0
50302,10198,29,0
50302,7621,30,0
50302,1389,31,0
50302,1581,32,0
50302,1962,33,0
50302,23882,34,0
50302,2299,35,0
50302,4268,36,0
50302,877,37,0
50302,878,38,1
50401,310,1,0
50401,14186,2,0
50401,1115,3,0
50401,14808,4,0
50401,14728,5,0
50401,14727,6,0
50401,7949,7,0
50401,14726,8,0
50401,10325,9,0
50401,481,10,0
50401,1878,11,0
50401,1398,12,0
50401,10278,13,0
50401,5447,14,0
50401,945,15,0
50401,4568,16,0
50401,15145,17,0
50401,5467,18,0
50401,8998,19,0
50401,5422,20,0
50401,437,21,0
50401,3039,22,0
50401,2452,23,0
50401,23897,24,0
50401,23896,25,0
50401,23895,26,0
50401,23893,27,0
50401,23891,28,0
50401,23889,29,0
50401,23887,30,0
50401,23885,31,0
50401,23898,32,0
50401,23883,33,0
50401,8338,34,0
50401,15143,35,0
50401,8207,36,0
50401,1712,37,0
50401,1909,38,0
50401,15142,39,0
50401,6678,40,0
50401,3443,41,0
50401,1966,42,0
50401,3886,43,0
50401,6205,44,0
50401,4891,45,0
50401,10098,46,0
50401,3720,47,0
50401,9752,48,0
50401,14161,49,1
50402,14161,1,0
50402,4402,2,0
50402,2800,3,0
50402,3442,4,0
50402,8499,5,0
50402,7801,6,0
50402,4197,7,0
50402,7809,8,0
50402,10353,9,0
50402,8223,10,0
50402,7690,11,0
50402,4041,12,0
50402,1070,13,0
50402,1159,14,0
50402,10198,15,0
50402,7621,16,0
50402,1389,17,0
50402,1581,18,0
50402,1962,19,0
50402,23882,20,0
50402,23899,21,0
50402,23884,22,0
50402,23886,23,0
50402,23888,24,0
50402,23890,25,0
50402,23892,26,0
50402,23894,27,0
50402,5279,28,0
50402,7211,29,0
50402,954,30,0
50402,2333,31,0
50402,2462,32,0
50402,8560,33,0
50402,2217,34,0
50402,5091,35,0
50402,10438,36,0
50402,4341,37,0
50402,5890,38,0
50402,5141,39,0
50402,7460,40,0
50402,10237,41,0
50402,9878,42,0
50402,8975,43,0
50402,14837,44,0
50402,14807,45,0
50402,9854,46,0
50402,987,47,0
50402,8244,48,0
50402,9383,49,0
50402,1222,50,0
50402,7898,51,0
50402,14186,52,0
50402,481,53,1
50601,5292,1,0
50601,8673,2,0
50601,2958,3,0
50601,8763,4,0
50601,8999,5,0
50601,9132,6,0
50601,2954,7,0
50601,2243,8,0
50601,7506,9,0
50601,8412,10,0
50601,1690,11,0
50601,1861,12,0
50601,8281,13,0
50601,9321,14,0
50601,2213,15,0
50601,9523,16,0
50601,9798,17,0
50601,6387,18,0
50601,1403,19,0
50601,4638,20,0
50601,6774,21,0
50601,1010,22,0
50601,2748,23,0
50601,1459,24,0
50601,3206,25,0
50601,7426,26,0
50601,5462,27,0
50601,4865,28,0
50601,3962,29,0
50601,5993,30,0
50601,1942,31,0
50601,7913,32,0
50601,2350,33,0
50601,615,34,0
50601,3246,35,0
50601,2676,36,0
50601,6259,37,0
50601,688,38,0
50601,3903,39,0
50601,9320,40,0
50601,8985,41,0
50601,3762,42,0
50601,10311,43,0
50601,7733,44,0
50601,4921,45,0
50601,4875,46,0
50601,10305,47,0
50601,6955,48,0
50601,3567,49,0
50601,3368,50,0
50601,3797,51,0
50601,8980,52,0
50601,8633,53,0
50601,963,54,0
50601,4705,55,0
50601,3478,56,0
50601,6022,57,0
50601,1201,58,0
50601,9851,59,0
50601,8500,60,0
50601,549,61,0
50601,14260,62,1
50602,14260,1,0
50602,3867,2,0
50602,553,3,0
50602,800,4,0
50602,8056,5,0
50602,4414,6,0
50602,2621,7,0
50602,1268,8,0
50602,6656,9,0
50602,4443,10,0
50602,4650,11,0
50602,10283,12,0
50602,2048,13,0
50602,15149,14,0
50602,4325,15,0
50602,1123,16,0
50602,7935,17,0
50602,3292,18,0
50602,971,19,0
50602,3164,20,0
50602,8702,21,0
50602,10019,22,0
50602,7703,23,0
50602,4575,24,0
50602,8991,25,0
50602,7379,26,0
50602,2976,27,0
50602,2615,28,0
50602,7132,29,0
50602,614,30,0
50602,1694,31,0
50602,2737,32,0
50602,4797,33,0
50602,1016,34,0
50602,3548,35,0
50602,7982,36,0
50602,8914,37,0
50602,5948,38,0
50602,10367,39,0
50602,5013,40,0
50602,9193,41,0
50602,1782,42,0
50602,2878,43,0
50602,1566,44,0
50602,8274,45,0
50602,8416,46,0
50602,2568,47,0
50602,8354,48,0
50602,4012,49,0
50602,3069,50,0
50602,1039,51,0
50602,10033,52,0
50602,8135,53,0
50602,4902,54,0
50602,1195,55,0
50602,5094,56,0
50602,9132,57,0
50602,8457,58,0
50602,4538,59,0
50602,5292,60,1
50901,462,1,0
50901,7734,2,0
50901,12913,3,0
50901,12898,4,0
50901,632,5,0
50901,1031,6,0
50901,3926,7,0
50901,2125,8,0
50901,15122,9,0
50901,15123,10,0
50901,1551,11,0
50901,9227,12,1
50902,9227,1,0
50902,10390,2,0
50902,15124,3,0
50902,7412,4,0
50902,2128,5,0
50902,1296,6,0
50902,6761,7,0
50902,4439,8,0
50902,12891,9,0
50902,12919,10,0
50902,10399,11,0
50902,15016,12,0
50902,462,13,1
51003,9227,1,0
51003,10390,2,0
51003,15124,3,0
51003,7412,4,0
51003,6075,5,0
51003,478,6,0
51003,9243,7,0
51003,8068,8,0
51003,5275,9,0
51003,10089,10,0
51003,8346,11,0
51003,7582,12,0
51003,1288,13,0
51003,1138,14,0
51003,6577,15,0
51003,6730,16,0
51003,6145,17,0
51003,2291,18,0
51003,5927,19,0
51003,14339,20,1
51004,14339,1,0
51004,7162,2,0
51004,5136,3,0
51004,3741,4,0
51004,3323,5,0
51004,3159,6,0
51004,10093,7,0
51004,2097,8,0
51004,9203,9,0
51004,10089,10,0
51004,10138,11,0
51004,6953,12,0
51004,6639,13,0
51004,2125,14,0
51004,478,15,0
51004,15122,16,0
51004,15123,17,0
51004,1551,18,0
51004,9227,19,1
51201,14688,1,0
51201,14838,2,0
51201,14674,3,0
51201,14672,4,0
51201,14670,5,0
51201,14668,6,0
51201,14666,7,0
51201,475,8,0
51201,14382,9,0
51201,14383,10,0
51201,14384,11,0
51201,14385,12,0
51201,14386,13,0
51201,14387,14,0
51201,14388,15,0
51201,14389,16,0
51201,14390,17,0
51201,14391,18,0
51201,8868,19,0
51201,8869,20,0
51201,15685,21,0
51201,8875,22,0
51201,8876,23,0
51201,8976,24,0
51201,10450,25,0
51201,1494,26,0
51201,2189,27,0
51201,14295,28,1
51202,14295,1,0
51202,8877,2,0
51202,5795,3,0
51202,1649,4,0
51202,5819,5,0
51202,6461,6,0
51202,10424,7,0
51202,5735,8,0
51202,14297,9,0
51202,8870,10,0
51202,8867,11,0
51202,14392,12,0
51202,14393,13,0
51202,14394,14,0
51202,14395,15,0
51202,14396,16,0
51202,14397,17,0
51202,14398,18,0
51202,14399,19,0
51202,14400,20,0
51202,14665,21,0
51202,14667,22,0
51202,14669,23,0
51202,14671,24,0
51202,14673,25,0
51202,14675,26,0
51202,14688,27,1
51401,6113,1,0
51401,8860,2,0
51401,15344,3,0
51401,15145,4,0
51401,5467,5,0
51401,8998,6,0
51401,5422,7,0
51401,437,8,0
51401,3039,9,0
51401,2452,10,0
51401,23897,11,0
51401,23896,12,0
51401,23895,13,0
51401,23893,14,0
51401,23891,15,0
51401,23889,16,0
51401,23887,17,0
51401,23885,18,0
51401,23898,19,0
51401,23883,20,0
51401,8338,21,0
51401,15143,22,0
51401,8207,23,0
51401,1712,24,0
51401,1909,25,0
51401,15355,26,0
51401,15356,27,1
51402,15356,1,0
51402,15354,2,0
51402,7621,3,0
51402,1389,4,0
51402,1581,5,0
51402,1962,6,0
51402,23882,7,0
51402,23899,8,0
51402,23884,9,0
51402,23886,10,0
51402,23888,11,0
51402,23890,12,0
51402,23892,13,0
51402,23894,14,0
51402,5279,15,0
51402,7211,16,0
51402,954,17,0
51402,2333,18,0
51402,2462,19,0
51402,8560,20,0
51402,2217,21,0
51402,5091,22,0
51402,10438,23,0
51402,4341,24,0
51402,6129,25,0
51402,4396,26,0
51402,6113,27,1
