'1',30301,275200,4,'',1,7000,4,'',1,3000,4,'',1
'1',30302,254000,0,'Roncesvalles',1,6100,0,'Roncesvalles',1,3000,0,'Roncesvalles',1,7000,0,'Roncesvalles',1,3000,0,'Roncesvalles',1,7000,0,'Roncesvalles',1,3000,0,'Roncesvalles',1,7000,0,'Kingston Rd',1
'2',30301,275200,4,'',1,7000,4,'',1,3000,4,'',1
'2',30302,254000,0,'Roncesvalles',1,6100,0,'Roncesvalles',1,3000,0,'Roncesvalles',1,7000,0,'Roncesvalles',1,3000,0,'Roncesvalles',1,7000,0,'Roncesvalles',1,2300,0,'Roncesvalles',1,7700,0,'Kingston Rd',1
'3',30301,275200,4,'',1,7000,4,'',1
'3',30302,254000,0,'Roncesvalles',1,6100,0,'Roncesvalles',1,3000,0,'Roncesvalles',1,7000,0,'Roncesvalles',1,3000,0,'Roncesvalles',1,7000,0,'Roncesvalles',1,3000,0,'Roncesvalles',1
'4',30301,275200,4,'',1,7000,4,'',1
'4',30302,254000,0,'Roncesvalles',1,6100,0,'Roncesvalles',1,3000,0,'Roncesvalles',1,7000,0,'Roncesvalles',1,3000,0,'Roncesvalles',1,7000,0,'Roncesvalles',1,3000,0,'Roncesvalles',1
'1',50301,45200,4,'',1,6200,4,'',1,1000,4,'',1,1000,4,'',1,1000,4,'',1,1000,4,'',1,5000,4,'',1,1000,4,'',1,1000,4,'',1,800,4,'',1,700,4,'',1,800,4,'',1,700,4,'',1,5000,4,'',1,1000,4,'',1,1300,4,'',1,1300,4,'',1,600,4,'',1,600,4,'',1,5000,4,'',1,1000,4,'',1,1000,4,'',1,1000,4,'',1,1000,4,'',1,1000,4,'',1,5000,4,'',1,1000,4,'',1,1000,4,'',1,1000,4,'',1,1000,4,'',1,1000,4,'',1,5000,4,'',1,1000,4,'',1,1000,4,'',1,1000,4,'',1,1000,4,'',1,1300,4,'',1,5000,4,'',1,1000,4,'',1,1000,4,'',1,1000,4,'',1,1000,4,'',1,1000,4,'',1,5000,4,'',1,1000,4,'',1,1000,4,'',1,1000,4,'',1,1000,4,'',1,1000,4,'',1,5000,4,'',1,1000,4,'',1,1000,4,'',1,1000,4,'',1,1000,4,'',1,500,4,'',1,500,4,'',1,5000,4,'',1,1000,4,'',1,1000,4,'',1,1000,4,'',1,1000,4,'',1,1000,4,'',1,5000,4,'',1,1000,4,'',1,1000,4,'',1,1000,4,'',1,1000,4,'',1,1000,4,'',1,5000,4,'',1,1000,4,'',1,1000,4,'',1,1000,4,'',1,1000,4,'',1,1000,4,'',1,5000,4,'',1,1000,4,'',1,1000,4,'',1,1000,4,'',1,1000,4,'',1,1000,4,'',1,5000,4,'',1,1000,4,'',1,1000,4,'',1,1000,4,'',1,1000,4,'',1,1000,4,'',1,5000,4,'',1,1000,4,'',1,1000,4,'',1,1000,4,'',1,1000,4,'',1,900,4,'',1,5000,4,'',1,1000,4,'',1,1000,4,'',1,1000,4,'',1,1000,4,'',1,1000,4,'',1,5000,4,'',1,1000,4,'',1,1000,4,'',1,1000,4,'',1,1000,4,'',1,1000,4,'',1,5000,4,'',1,1000,4,'',1,1000,4,'',1,1000,4,'',1,1000,4,'',1,1000,4,'',1,5000,4,'',1,1000,4,'',1,1000,4,'',1,1000,4,'',1,1000,4,'',1,1000,4,'',1,5000,4,'',1,1000,4,'',1,1000,4,'',1,1000,4,'',1,1000,4,'',1,1000,4,'',1,5000,4,'',1,1000,4,'',1,1000,4,'',1,1000,4,'',1,1000,4,'',1,1000,4,'',1,5000,4,'',1,1000,4,'',1,1000,4,'',1,1000,4,'',1,1000,4,'',1,1000,4,'',1,5500,4,'',1,2000,4,'',1
'1',50302,45800,0,'Spadina',1,5900,0,'Spadina',1,1000,0,'Spadina',1,1000,0,'Spadina',1,1000,0,'Spadina',1,1000,0,'Spadina',1,5000,0,'Spadina',1,1000,0,'Spadina',1,1000,0,'Spadina',1,1000,0,'Spadina',1,800,0,'Spadina',1,800,0,'Spadina',1,4800,0,'Spadina',1,1000,0,'Spadina',1,1000,0,'Spadina',1,1000,0,'Spadina',1,1000,0,'Spadina',1,1000,0,'Spadina',1,5000,0,'Spadina',1,1000,0,'Spadina',1,1000,0,'Spadina',1,1000,0,'Spadina',1,1000,0,'Spadina',1,900,0,'Spadina',1,5000,0,'Spadina',1,1000,0,'Spadina',1,1000,0,'Spadina',1,1000,0,'Spadina',1,1000,0,'Spadina',1,1000,0,'Spadina',1,5000,0,'Spadina',1,1000,0,'Spadina',1,1000,0,'Spadina',1,1000,0,'Spadina',1,1000,0,'Spadina',1,1000,0,'Spadina',1,5000,0,'Spadina',1,1000,0,'Spadina',1,1000,0,'Spadina',1,1000,0,'Spadina',1,1000,0,'Spadina',1,1000,0,'Spadina',1,5000,0,'Spadina',1,1000,0,'Spadina',1,1000,0,'Spadina',1,1000,0,'Spadina',1,1000,0,'Spadina',1,1000,0,'Spadina',1,5000,0,'Spadina',1,1000,0,'Spadina',1,1000,0,'Spadina',1,1000,0,'Spadina',1,1000,0,'Spadina',1,1000,0,'Spadina',1,600,0,'Spadina',1,4600,0,'Spadina',1,1000,0,'Spadina',1,1000,0,'Spadina',1,1000,0,'Spadina',1,1000,0,'Spadina',1,1000,0,'Spadina',1,5000,0,'Spadina',1,1000,0,'Spadina',1,1000,0,'Spadina',1,1000,0,'Spadina',1,1000,0,'Spadina',1,1000,0,'Spadina',1,5000,0,'Spadina',1,1000,0,'Spadina',1,1000,0,'Spadina',1,1000,0,'Spadina',1,1000,0,'Spadina',1,1000,0,'Spadina',1,5000,0,'Spadina',1,1000,0,'Spadina',1,1000,0,'Spadina',1,1000,0,'Spadina',1,1000,0,'Spadina',1,1000,0,'Spadina',1,5000,0,'Spadina',1,1000,0,'Spadina',1,1000,0,'Spadina',1,1000,0,'Spadina',1,700,0,'Greenwood & Queen',1,800,0,'Spadina',1,5400,0,'Spadina',1,1000,0,'Spadina',1,1000,0,'Spadina',1,1000,0,'Spadina',1,1000,0,'Spadina',1,1000,0,'Spadina',1,5000,0,'Spadina',1,1000,0,'Spadina',1,1000,0,'Spadina',1,1000,0,'Spadina',1,1000,0,'Spadina',1,1000,0,'Spadina',1,5000,0,'Spadina',1,1000,0,'Spadina',1,1000,0,'Spadina',1,1000,0,'Spadina',1,1000,0,'Spadina',1,1000,0,'Spadina',1,5000,0,'Spadina',1,1000,0,'Spadina',1,1000,0,'Spadina',1,1000,0,'Spadina',1,1000,0,'Spadina',1,1000,0,'Spadina',1,5000,0,'Spadina',1,1000,0,'Spadina',1,1000,0,'Spadina',1,1000,0,'Spadina',1,1000,0,'Spadina',1,1000,0,'Spadina',1,5000,0,'Spadina',1,1000,0,'Spadina',1,1000,0,'Spadina',1,1000,0,'Spadina',1,1000,0,'Spadina',1,1000,0,'Spadina',1,5000,0,'Spadina',1,1000,0,'Spadina',1,300,0,'Greenwood & Queen',1,1200,0,'Spadina',1,2000,0,'Spadina',1,5800,0,'Greenwood & Queen',1,1000,0,'Greenwood & Queen',1,2000,0,'Greenwood & Queen',1,1000,0,'Greenwood & Queen',1,6500,0,'Greenwood & Queen',1
'2',50301,42300,4,'',1,1000,4,'',1,1000,4,'',1,1000,4,'',1,5000,4,'',1,1000,4,'',1,1000,4,'',1,1000,4,'',1,800,4,'',1,800,4,'',1,5500,4,'',1,700,4,'',1,800,4,'',1,1000,4,'',1,1000,4,'',1,1000,4,'',1,1000,4,'',1,5000,4,'',1,1000,4,'',1,1000,4,'',1,1000,4,'',1,1000,4,'',1,1000,4,'',1,5000,4,'',1,1000,4,'',1,1000,4,'',1,600,4,'',1,600,4,'',1,1200,4,'',1,5000,4,'',1,1000,4,'',1,1000,4,'',1,1000,4,'',1,1000,4,'',1,1000,4,'',1,5000,4,'',1,1000,4,'',1,1000,4,'',1,1000,4,'',1,1000,4,'',1,1000,4,'',1,5000,4,'',1,1000,4,'',1,1000,4,'',1,1000,4,'',1,1000,4,'',1,1000,4,'',1,5000,4,'',1,500,4,'',1,500,4,'',1,1000,4,'',1,1000,4,'',1,1300,4,'',1,1300,4,'',1,5200,4,'',1,1100,4,'',1,200,4,'',1,1000,4,'',1,1000,4,'',1,1000,4,'',1,5000,4,'',1,1000,4,'',1,1000,4,'',1,1000,4,'',1,1000,4,'',1,1000,4,'',1,5000,4,'',1,1000,4,'',1,1000,4,'',1,1000,4,'',1,1000,4,'',1,1000,4,'',1,5000,4,'',1,1000,4,'',1,1000,4,'',1,1000,4,'',1,1000,4,'',1,1000,4,'',1,5000,4,'',1,1000,4,'',1,1000,4,'',1,1000,4,'',1,1000,4,'',1,1000,4,'',1,5000,4,'',1,1000,4,'',1,1000,4,'',1,1000,4,'',1,1000,4,'',1,1000,4,'',1,5000,4,'',1,1000,4,'',1,1000,4,'',1,1000,4,'',1,1000,4,'',1,800,4,'',1,700,4,'',1,4700,4,'',1,1000,4,'',1,1000,4,'',1,1000,4,'',1,1000,4,'',1,1000,4,'',1,5000,4,'',1,1000,4,'',1,1000,4,'',1,1000,4,'',1,1000,4,'',1,1000,4,'',1,5000,4,'',1,1000,4,'',1,1000,4,'',1,1000,4,'',1,1000,4,'',1,1000,4,'',1,4700,4,'',1,1000,4,'',1,1000,4,'',1,1000,4,'',1,1000,4,'',1,1000,4,'',1,5000,4,'',1,1000,4,'',1,1000,4,'',1,1000,4,'',1,1000,4,'',1,1000,4,'',1,5000,4,'',1,1000,4,'',1,1000,4,'',1,1000,4,'',1,1000,4,'',1,1000,4,'',1,5000,4,'',1,1000,4,'',1,1000,4,'',1,1000,4,'',1,1000,4,'',1,1000,4,'',1,5300,4,'',1,1900,4,'',1
'2',50302,42400,0,'Spadina',1,1200,0,'Spadina',1,1100,0,'Spadina',1,1000,0,'Spadina',1,5000,0,'Spadina',1,1000,0,'Spadina',1,1000,0,'Spadina',1,1000,0,'Spadina',1,1000,0,'Spadina',1,1000,0,'Spadina',1,5000,0,'Spadina',1,1000,0,'Spadina',1,1000,0,'Spadina',1,1000,0,'Spadina',1,1000,0,'Spadina',1,1000,0,'Spadina',1,5000,0,'Spadina',1,1000,0,'Spadina',1,1000,0,'Spadina',1,1000,0,'Spadina',1,1000,0,'Spadina',1,1000,0,'Spadina',1,4700,0,'Spadina',1,700,0,'Spadina',1,1000,0,'Spadina',1,1000,0,'Spadina',1,1000,0,'Spadina',1,1000,0,'Spadina',1,5000,0,'Spadina',1,1000,0,'Spadina',1,1000,0,'Spadina',1,1000,0,'Spadina',1,1000,0,'Spadina',1,1000,0,'Spadina',1,5000,0,'Spadina',1,1000,0,'Spadina',1,1000,0,'Spadina',1,1000,0,'Spadina',1,1000,0,'Spadina',1,1000,0,'Spadina',1,5000,0,'Spadina',1,1000,0,'Spadina',1,1000,0,'Spadina',1,1000,0,'Spadina',1,1000,0,'Spadina',1,1000,0,'Spadina',1,700,0,'Spadina',1,4700,0,'Spadina',1,700,0,'Spadina',1,1000,0,'Spadina',1,1000,0,'Spadina',1,1000,0,'Spadina',1,1000,0,'Spadina',1,5000,0,'Spadina',1,1000,0,'Spadina',1,1000,0,'Spadina',1,1000,0,'Spadina',1,1000,0,'Spadina',1,1000,0,'Spadina',1,5000,0,'Spadina',1,1000,0,'Spadina',1,1000,0,'Spadina',1,1000,0,'Spadina',1,1000,0,'Spadina',1,1000,0,'Spadina',1,5000,0,'Spadina',1,1000,0,'Spadina',1,1000,0,'Spadina',1,1000,0,'Spadina',1,1000,0,'Spadina',1,1000,0,'Spadina',1,5000,0,'Spadina',1,1000,0,'Spadina',1,1000,0,'Spadina',1,1000,0,'Spadina',1,1000,0,'Spadina',1,1000,0,'Spadina',1,5000,0,'Spadina',1,1000,0,'Spadina',1,1000,0,'Spadina',1,1000,0,'Spadina',1,1000,0,'Spadina',1,1000,0,'Spadina',1,5000,0,'Spadina',1,1000,0,'Spadina',1,1000,0,'Spadina',1,1000,0,'Spadina',1,1000,0,'Spadina',1,1000,0,'Spadina',1,5200,0,'Spadina',1,1000,0,'Spadina',1,1000,0,'Spadina',1,1000,0,'Spadina',1,1000,0,'Spadina',1,500,0,'Greenwood & Queen',1,500,0,'Spadina',1,5000,0,'Spadina',1,1000,0,'Spadina',1,1000,0,'Spadina',1,1000,0,'Spadina',1,1000,0,'Spadina',1,1000,0,'Spadina',1,5000,0,'Spadina',1,1000,0,'Spadina',1,1000,0,'Spadina',1,1000,0,'Spadina',1,1000,0,'Spadina',1,1000,0,'Spadina',1,200,0,'Greenwood & Queen',1,5300,0,'Spadina',1,1200,0,'Spadina',1,1000,0,'Spadina',1,1000,0,'Spadina',1,1000,0,'Spadina',1,5000,0,'Spadina',1,1000,0,'Spadina',1,1000,0,'Spadina',1,1000,0,'Spadina',1,1000,0,'Spadina',1,1000,0,'Spadina',1,5000,0,'Spadina',1,1000,0,'Spadina',1,1000,0,'Spadina',1,1000,0,'Spadina',1,1000,0,'Spadina',1,1000,0,'Spadina',1,5000,0,'Spadina',1,1000,0,'Spadina',1,1000,0,'Spadina',1,1100,0,'Greenwood & Queen',1,1100,0,'Spadina',1,6000,0,'Greenwood & Queen',1,1500,0,'Greenwood & Queen',1,1500,0,'Greenwood & Queen',1,1500,0,'Greenwood & Queen',1,5800,0,'Greenwood & Queen',1
'3',50301,45400,4,'',1,7000,4,'',1,2000,4,'',1,6000,4,'',1,2000,4,'',1,2000,4,'',1,1000,4,'',1,6000,4,'',1,1000,4,'',1,1000,4,'',1,1000,4,'',1,1000,4,'',1,5000,4,'',1,1000,4,'',1,1300,4,'',1,700,4,'',1,900,4,'',1,800,4,'',1,800,4,'',1,5000,4,'',1,1000,4,'',1,1000,4,'',1,1000,4,'',1,1000,4,'',1,1000,4,'',1,5000,4,'',1,1000,4,'',1,1000,4,'',1,1000,4,'',1,1000,4,'',1,1000,4,'',1,5000,4,'',1,1000,4,'',1,1000,4,'',1,1000,4,'',1,1000,4,'',1,1000,4,'',1,5000,4,'',1,1000,4,'',1,1000,4,'',1,600,4,'',1,600,4,'',1,1200,4,'',1,5000,4,'',1,1000,4,'',1,1000,4,'',1,1000,4,'',1,1000,4,'',1,1000,4,'',1,5000,4,'',1,1000,4,'',1,1000,4,'',1,1000,4,'',1,1000,4,'',1,1000,4,'',1,5000,4,'',1,1000,4,'',1,1000,4,'',1,1000,4,'',1,1000,4,'',1,1000,4,'',1,5000,4,'',1,1000,4,'',1,1000,4,'',1,1000,4,'',1,1000,4,'',1,1000,4,'',1,5000,4,'',1,1000,4,'',1,1000,4,'',1,1000,4,'',1,1000,4,'',1,1000,4,'',1,5000,4,'',1,1000,4,'',1,1000,4,'',1,1000,4,'',1,1000,4,'',1,1000,4,'',1,5000,4,'',1,1000,4,'',1,1000,4,'',1,1000,4,'',1,800,4,'',1,800,4,'',1,1000,4,'',1,5000,4,'',1,1000,4,'',1,1000,4,'',1,1000,4,'',1,1000,4,'',1,1000,4,'',1,5000,4,'',1,1000,4,'',1,1000,4,'',1,1000,4,'',1,1000,4,'',1,1000,4,'',1,5000,4,'',1,1000,4,'',1,1000,4,'',1,1000,4,'',1,700,4,'',1,1000,4,'',1,5000,4,'',1,1000,4,'',1,1000,4,'',1,1000,4,'',1,1000,4,'',1,1000,4,'',1,5000,4,'',1,1000,4,'',1,1000,4,'',1,1000,4,'',1,1000,4,'',1,1000,4,'',1,5000,4,'',1,1000,4,'',1,1000,4,'',1,1000,4,'',1,1000,4,'',1,1000,4,'',1,5000,4,'',1,1000,4,'',1,1000,4,'',1,1000,4,'',1,1000,4,'',1,1100,4,'',1,5100,4,'',1,1500,4,'',1
'3',50302,45400,0,'Spadina',1,7000,0,'Spadina',1,2000,0,'Spadina',1,6000,0,'Spadina',1,2000,0,'Spadina',1,2000,0,'Spadina',1,6000,0,'Spadina',1,2000,0,'Spadina',1,1000,0,'Spadina',1,1000,0,'Spadina',1,800,0,'Spadina',1,700,0,'Spadina',1,4800,0,'Spadina',1,1000,0,'Spadina',1,1000,0,'Spadina',1,1000,0,'Spadina',1,1000,0,'Spadina',1,1000,0,'Spadina',1,5000,0,'Spadina',1,1000,0,'Spadina',1,1000,0,'Spadina',1,1000,0,'Spadina',1,1000,0,'Spadina',1,1000,0,'Spadina',1,5000,0,'Spadina',1,1000,0,'Spadina',1,1000,0,'Spadina',1,1000,0,'Spadina',1,1000,0,'Spadina',1,1000,0,'Spadina',1,5000,0,'Spadina',1,1000,0,'Spadina',1,1000,0,'Spadina',1,1000,0,'Spadina',1,1000,0,'Spadina',1,700,0,'Spadina',1,4700,0,'Spadina',1,1000,0,'Spadina',1,1000,0,'Spadina',1,1000,0,'Spadina',1,1000,0,'Spadina',1,1000,0,'Spadina',1,5000,0,'Spadina',1,1000,0,'Spadina',1,1000,0,'Spadina',1,1000,0,'Spadina',1,1000,0,'Spadina',1,1000,0,'Spadina',1,5000,0,'Spadina',1,1000,0,'Spadina',1,1000,0,'Spadina',1,1000,0,'Spadina',1,1000,0,'Spadina',1,1000,0,'Spadina',1,5000,0,'Spadina',1,1000,0,'Spadina',1,1000,0,'Spadina',1,1000,0,'Spadina',1,1000,0,'Spadina',1,1000,0,'Spadina',1,5000,0,'Spadina',1,1000,0,'Spadina',1,1000,0,'Spadina',1,1000,0,'Spadina',1,1000,0,'Spadina',1,1000,0,'Spadina',1,5000,0,'Spadina',1,1000,0,'Spadina',1,1000,0,'Spadina',1,1000,0,'Spadina',1,1000,0,'Spadina',1,1000,0,'Spadina',1,5000,0,'Spadina',1,1000,0,'Spadina',1,1000,0,'Spadina',1,1000,0,'Spadina',1,1000,0,'Spadina',1,600,0,'Greenwood & Queen',1,700,0,'Spadina',1,5300,0,'Spadina',1,1000,0,'Spadina',1,1000,0,'Spadina',1,1000,0,'Spadina',1,1000,0,'Spadina',1,1000,0,'Spadina',1,5000,0,'Spadina',1,1000,0,'Spadina',1,1000,0,'Spadina',1,1000,0,'Spadina',1,1000,0,'Spadina',1,1000,0,'Spadina',1,5000,0,'Spadina',1,1000,0,'Spadina',1,1000,0,'Spadina',1,1000,0,'Spadina',1,700,0,'Greenwood & Queen',1,700,0,'Spadina',1,5300,0,'Spadina',1,1000,0,'Spadina',1,1000,0,'Spadina',1,1000,0,'Spadina',1,1000,0,'Spadina',1,1000,0,'Spadina',1,5000,0,'Spadina',1,1000,0,'Spadina',1,1000,0,'Spadina',1,1000,0,'Spadina',1,1000,0,'Spadina',1,1000,0,'Spadina',1,5000,0,'Spadina',1,1000,0,'Spadina',1,1000,0,'Spadina',1,1000,0,'Spadina',1,1000,0,'Spadina',1,1000,0,'Spadina',1,5000,0,'Spadina',1,1000,0,'Spadina',1,1000,0,'Spadina',1,1200,0,'Spadina',1,1500,0,'Spadina',1,5500,0,'Greenwood & Queen',1,1500,0,'Greenwood & Queen',1,1500,0,'Greenwood & Queen',1,1600,0,'Greenwood & Queen',1,5600,0,'Greenwood & Queen',1
'4',50301,50100,4,'',1,2100,4,'',1,2100,4,'',1,1500,4,'',1,5300,4,'',1,800,4,'',1,800,4,'',1,1200,4,'',1,1200,4,'',1,500,4,'',1,5500,4,'',1,500,4,'',1,1500,4,'',1,800,4,'',1,700,4,'',1,1000,4,'',1,5000,4,'',1,1000,4,'',1,1000,4,'',1,1000,4,'',1,700,4,'',1,600,4,'',1,1000,4,'',1,5000,4,'',1,1000,4,'',1,1000,4,'',1,1000,4,'',1,1000,4,'',1,1000,4,'',1,5000,4,'',1,1000,4,'',1,1000,4,'',1,1000,4,'',1,1000,4,'',1,1000,4,'',1,5000,4,'',1,1000,4,'',1,1000,4,'',1,1000,4,'',1,1000,4,'',1,1000,4,'',1,5000,4,'',1,1000,4,'',1,1000,4,'',1,600,4,'',1,600,4,'',1,1200,4,'',1,5000,4,'',1,1000,4,'',1,1000,4,'',1,1000,4,'',1,1000,4,'',1,1000,4,'',1,5000,4,'',1,1000,4,'',1,1000,4,'',1,1000,4,'',1,1000,4,'',1,1000,4,'',1,5000,4,'',1,1000,4,'',1,1000,4,'',1,1000,4,'',1,1000,4,'',1,1000,4,'',1,5000,4,'',1,1000,4,'',1,1000,4,'',1,1000,4,'',1,1000,4,'',1,1000,4,'',1,5000,4,'',1,1000,4,'',1,1000,4,'',1,1000,4,'',1,1000,4,'',1,1000,4,'',1,5000,4,'',1,1000,4,'',1,1000,4,'',1,1000,4,'',1,1000,4,'',1,1000,4,'',1,5000,4,'',1,1000,4,'',1,1000,4,'',1,1000,4,'',1,800,4,'',1,800,4,'',1,1000,4,'',1,5000,4,'',1,1000,4,'',1,1000,4,'',1,1000,4,'',1,1000,4,'',1,1000,4,'',1,5000,4,'',1,1000,4,'',1,1000,4,'',1,1000,4,'',1,1000,4,'',1,1000,4,'',1,5000,4,'',1,1000,4,'',1,1000,4,'',1,1000,4,'',1,700,4,'',1,1000,4,'',1,5000,4,'',1,1000,4,'',1,1000,4,'',1,1000,4,'',1,1000,4,'',1,1000,4,'',1,5000,4,'',1,1000,4,'',1,1000,4,'',1,1000,4,'',1,1000,4,'',1,1000,4,'',1,5000,4,'',1,1000,4,'',1,1000,4,'',1,1000,4,'',1,1000,4,'',1,1000,4,'',1,5000,4,'',1,1000,4,'',1,1000,4,'',1,1000,4,'',1,1000,4,'',1,1000,4,'',1,6500,4,'',1
'4',50302,50100,0,'Spadina',1,2500,0,'Spadina',1,2000,0,'Spadina',1,5500,0,'Spadina',1,1300,0,'Spadina',1,1000,0,'Spadina',1,1000,0,'Spadina',1,1000,0,'Spadina',1,1000,0,'Spadina',1,5000,0,'Spadina',1,1000,0,'Spadina',1,1000,0,'Spadina',1,1000,0,'Spadina',1,1000,0,'Spadina',1,800,0,'Spadina',1,700,0,'Spadina',1,4800,0,'Spadina',1,1000,0,'Spadina',1,1000,0,'Spadina',1,1000,0,'Spadina',1,1000,0,'Spadina',1,1000,0,'Spadina',1,5000,0,'Spadina',1,1000,0,'Spadina',1,1000,0,'Spadina',1,1000,0,'Spadina',1,1000,0,'Spadina',1,1000,0,'Spadina',1,5000,0,'Spadina',1,1000,0,'Spadina',1,1000,0,'Spadina',1,1000,0,'Spadina',1,1000,0,'Spadina',1,1000,0,'Spadina',1,5000,0,'Spadina',1,1000,0,'Spadina',1,1000,0,'Spadina',1,1000,0,'Spadina',1,1000,0,'Spadina',1,700,0,'Spadina',1,4700,0,'Spadina',1,1000,0,'Spadina',1,1000,0,'Spadina',1,1000,0,'Spadina',1,1000,0,'Spadina',1,1000,0,'Spadina',1,5000,0,'Spadina',1,1000,0,'Spadina',1,1000,0,'Spadina',1,1000,0,'Spadina',1,1000,0,'Spadina',1,1000,0,'Spadina',1,5000,0,'Spadina',1,1000,0,'Spadina',1,1000,0,'Spadina',1,1000,0,'Spadina',1,1000,0,'Spadina',1,1000,0,'Spadina',1,5000,0,'Spadina',1,1000,0,'Spadina',1,1000,0,'Spadina',1,1000,0,'Spadina',1,1000,0,'Spadina',1,1000,0,'Spadina',1,5000,0,'Spadina',1,1000,0,'Spadina',1,1000,0,'Spadina',1,1000,0,'Spadina',1,1000,0,'Spadina',1,1000,0,'Spadina',1,5000,0,'Spadina',1,1000,0,'Spadina',1,1000,0,'Spadina',1,1000,0,'Spadina',1,1000,0,'Spadina',1,1000,0,'Spadina',1,5000,0,'Spadina',1,1000,0,'Spadina',1,1000,0,'Spadina',1,1000,0,'Spadina',1,1000,0,'Spadina',1,600,0,'Greenwood & Queen',1,700,0,'Spadina',1,5300,0,'Spadina',1,1000,0,'Spadina',1,1000,0,'Spadina',1,1000,0,'Spadina',1,1000,0,'Spadina',1,1000,0,'Spadina',1,5000,0,'Spadina',1,1000,0,'Spadina',1,1000,0,'Spadina',1,1000,0,'Spadina',1,1000,0,'Spadina',1,1000,0,'Spadina',1,5000,0,'Spadina',1,1000,0,'Spadina',1,1000,0,'Spadina',1,1000,0,'Spadina',1,700,0,'Greenwood & Queen',1,700,0,'Spadina',1,5300,0,'Spadina',1,1000,0,'Spadina',1,1000,0,'Spadina',1,1000,0,'Spadina',1,1000,0,'Spadina',1,1000,0,'Spadina',1,5000,0,'Spadina',1,1000,0,'Spadina',1,1000,0,'Spadina',1,1000,0,'Spadina',1,1000,0,'Spadina',1,1000,0,'Spadina',1,5000,0,'Spadina',1,1000,0,'Spadina',1,1000,0,'Spadina',1,1000,0,'Spadina',1,1000,0,'Spadina',1,1000,0,'Spadina',1,5000,0,'Spadina',1,1000,0,'Spadina',1,1000,0,'Spadina',1,1200,0,'Greenwood & Queen',1,1200,0,'Spadina',1,5800,0,'Greenwood & Queen',1,1500,0,'Greenwood & Queen',1,1500,0,'Greenwood & Queen',1,1600,0,'Greenwood & Queen',1
