30402,'1',2604,,75512,2,0,5 6 7,2,10,,75504,2,0,5 6 7,2,10,,75502,2,0,5 6 7,2,11,,75499,2,0,5 6 7,2,12,,75517,2,0,5 6 7,2,12,,75506,2,0,5 6 7,2,45,,75513,2,0,14,2,7,,75503,2,0,5 6 7,2,12,,75500,2,0,5 6 7,2,12,,75516,2,0,5 6 7,2,12,,75505,2,0,5 6 7,2,12,,75514,2,0,5 6 7,2,52,,75515,2,0,5 6 7,2,12,,75510,2,0,5 6 7,2,12,,75518,2,0,5 6 7,2,11,,75511,2,0,14,2,12,,75507,2,0,14,2,52,,75519,2,0,14,2,12,,75509,2,0,14,2,12,,75501,2,0,14,2,11,,75508,2,0,14,2
30402,'2',2557,,75522,2,0,14,2,50,,75529,2,0,14,2,17,,75527,2,0,5 6 7,2,10,,75540,2,0,5 6 7,2,10,,75520,2,0,5 6 7,2,10,,75539,2,0,5 6 7,2,50,,75521,2,0,5 6 7,2,10,,75535,2,0,5 6 7,2,10,,75534,2,0,5 6 7,2,10,,75542,2,0,5 6 7,2,10,,75523,2,0,5 6 7,2,10,,75533,2,0,5 6 7,2,50,,75528,2,0,5 6 7,2,10,,75526,2,0,5 6 7,2,10,,75525,2,0,5 6 7,2,10,,75532,2,0,5 6 7,2,10,,75541,2,0,5 6 7,2,10,,75524,2,0,5 6 7,2,53,,75536,2,0,5 6 7,2,7,,75543,2,0,14,2,10,,75538,2,0,14,2,10,,75530,2,0,14,2,10,,75531,2,0,14,2,10,,75537,2,0,14,2
30402,'3',501,,75578,2,0,21,2,21,,75556,2,0,21,2,16,,75552,2,0,21,2,13,,75571,2,0,21,2,54,,75553,2,0,21,2,14,,75590,2,0,21,2,14,,72021,2,0,21,2,14,,75565,2,0,21,2,54,,75544,2,0,21,2,14,,75569,2,0,21,2,14,,75563,2,0,21,2,14,,75576,2,0,21,2,14,,75549,2,0,21,2,1848,,75587,2,0,14,2,10,,75550,2,0,14,2,12,,75561,2,0,5 6 7,2,12,,75588,2,0,5 6 7,2,12,,75589,2,0,5 6 7,2,52,,75585,2,0,5 6 7,2,12,,75554,2,0,5 6 7,2,12,,75564,2,0,5 6 7,2,3,,75575,2,0,14,2,9,,75566,2,0,5 6 7,2,12,,75584,2,0,5 6 7,2,52,,75567,2,0,5 6 7,2,15,,75579,2,0,5 6 7,2,9,,75577,2,0,14,2,12,,75560,2,0,14,2,12,,75582,2,0,14,2,52,,75558,2,0,14,2,12,,60051,2,0,14,2,12,,75594,2,0,14,2,12,,75551,2,0,14,2
30402,'5',2605,,75600,2,0,14,2,10,,75613,2,0,14,2,12,,75606,2,0,5 6 7,2,12,,75614,2,0,5 6 7,2,12,,75605,2,0,5 6 7,2,52,,75603,2,0,5 6 7,2,12,,75598,2,0,5 6 7,2,12,,75604,2,0,5 6 7,2,3,,75601,2,0,14,2,9,,75612,2,0,5 6 7,2,12,,75599,2,0,5 6 7,2,52,,75607,2,0,5 6 7,2,15,,75615,2,0,5 6 7,2,9,,75608,2,0,14,2,12,,75610,2,0,14,2,12,,75611,2,0,14,2,52,,75609,2,0,14,2,12,,75597,2,0,14,2,12,,75602,2,0,14,2,12,,75596,2,0,14,2
30502,'1',2513,,75701,2,0,5 41,2,20,,75697,2,0,5 41,2,20,,75708,2,0,5 41,2,60,,75700,2,0,5 41,2,20,,75699,2,0,5 41,2,4,,75702,2,,,2,16,,75698,2,0,5 41,2,60,,75706,2,0,5 41,2,30,,75705,2,0,5 41,2,15,,75704,2,,,2,55,,75707,2,0,5 41,2,20,,75703,2,,,2
30502,'2',2503,,75714,2,0,5 41,2,5,,75725,2,,,2,6,,75709,2,,,2,9,,75722,2,0,5 41,2,20,,75720,2,0,5 41,2,10,,75721,2,,,2,50,,75715,2,0,5 41,2,4,,75712,2,,,2,16,,75716,2,0,5 41,2,20,,75718,2,0,5 41,2,60,,75711,2,0,5 41,2,20,,75723,2,0,5 41,2,20,,75713,2,0,5 41,2,60,,75724,2,0,5 41,2,30,,55809,2,0,5 41,2,9,,75719,2,,,2,70,,75710,2,,,2,30,,75717,2,,,2
30502,'3',450,,75726,2,0,5 41,2,57,,75751,2,0,5 41,2,17,,75733,2,0,5 41,2,15,,75750,2,0,5 41,2,15,,75749,2,0,5 41,2,55,,75742,2,0,5 41,2,10,,75727,2,0,5 41,2,10,,75743,2,0,5 41,2,10,,75738,2,0,5 41,2,10,,75729,2,0,5 41,2,10,,75756,2,0,5 41,2,50,,75745,2,0,5 41,2,10,,75744,2,0,5 41,2,10,,75754,2,0,5 41,2,10,,75753,2,0,5 41,2,1768,,75731,2,0,5 41,2,10,,75758,2,0,5 41,2,5,,75737,2,,,2,15,,75732,2,0,5 41,2,11,,75755,2,,,2,9,,75735,2,0,5 41,2,50,,75741,2,0,5 41,2,11,,75747,2,,,2,6,,75759,2,,,2,13,,75736,2,0,5 41,2,20,,75730,2,0,5 41,2,60,,75728,2,0,5 41,2,20,,75760,2,0,5 41,2,20,,75734,2,0,5 41,2,60,,75739,2,,,2,30,,75740,2,,,2,70,,75757,2,,,2,20,,75748,2,,,2
30502,'5',2507,,75775,2,0,5 41,2,10,,75772,2,0,5 41,2,10,,75762,2,,,2,10,,75776,2,0,5 41,2,20,,75773,2,0,5 41,2,60,,75764,2,0,5 41,2,5,,75769,2,,,2,5,,75766,2,,,2,10,,75770,2,0,5 41,2,20,,75763,2,0,5 41,2,60,,75768,2,0,5 41,2,20,,75774,2,0,5 41,2,70,,75777,2,0,5 41,2,9,,75771,2,,,2,30,,75767,2,,,2,70,,75761,2,,,2,30,,75765,2,,,2
50402,'1',449,,79602,2,0,21,2,10,,79695,2,0,21,2,50,,79748,2,0,21,2,10,,79613,2,0,21,2,10,,79751,2,0,21,2,10,,79730,2,0,21,2,10,,79536,2,0,21,2
50402,'2',501,,80081,2,0,21,2,15,,80056,2,0,21,2,10,,79945,2,0,21,2,10,,79943,2,0,21,2,10,,79973,2,0,21,2
50402,'5',537,,80512,2,0,21,2,14,,80538,2,0,21,2
50502,'1',421,,81458,2,0,5 41,2,13,,81303,2,0,5 41,2,5,,81349,2,0,5 41,2,5,,81460,2,0,5 41,2,10,,81433,2,0,5 41,2,50,,81406,2,0,5 41,2,10,,81411,2,0,5 41,2,10,,81369,2,0,5 41,2,10,,81309,2,0,5 41,2,10,,81327,2,0,5 41,2
50502,'2',457,,81485,2,0,5 41,2,46,,81540,2,0,5 41,2,10,,81551,2,0,5 41,2,10,,81564,2,0,5 41,2,10,,81605,2,0,5 41,2,10,,81536,2,0,5 41,2,10,,81541,2,0,5 41,2
50502,'5',447,,81812,2,0,5 41,2,62,,81924,2,0,5 41,2,15,,81956,2,0,5 41,2,15,,81952,2,0,5 41,2,15,,81918,2,0,5 41,2
