30401,'1',2618,,75386,3,0,34,2,12,,75375,3,0,34,2,12,,75390,3,0,34,2,12,,75380,3,0,34,2,52,,75379,3,0,34,2,12,,75374,3,0,34,2,12,,75373,3,0,34,2,12,,75391,3,0,34,2,12,,75382,3,0,34,2,52,,57764,3,0,34,2,12,,75388,3,0,34,2,12,,75376,3,0,34,2,12,,75384,3,0,34,2,11,,75385,3,0,34,2,51,,75378,3,,,2,12,,75387,3,,,2,12,,75377,3,,,2,12,,75389,3,,,2
30401,'2',2625,,69560,3,0,34,2,10,,75420,3,0,34,2,10,,75421,3,0,34,2,10,,67714,3,0,34,2,50,,75396,3,0,34,2,10,,75415,3,0,34,2,10,,75422,3,0,34,2,10,,75417,3,0,34,2,10,,75413,3,0,34,2,10,,75395,3,0,34,2,50,,75406,3,0,34,2,10,,75398,3,0,34,2,10,,75412,3,0,34,2,10,,75418,3,0,34,2,10,,75408,3,0,34,2,12,,75407,3,0,34,2,50,,75410,3,,,2,10,,75399,3,,,2,5,,75419,3,,,2,5,,75405,3,,,2,10,,75393,3,,,2,10,,75414,3,,,2,53,,75397,3,,,2
30401,'3',515,,75435,3,0,31,2,14,,75460,3,0,31,2,14,,75450,3,0,31,2,14,,75436,3,0,31,2,54,,75443,3,0,31,2,14,,75449,3,0,31,2,14,,75447,3,0,31,2,14,,75438,3,0,31,2,54,,75456,3,0,31,2,14,,75457,3,0,31,2,15,,75464,3,0,31,2,13,,75424,3,0,31,2,54,,75473,3,0,31,2,1817,,75445,3,,,2,7,,75462,3,0,34,2,10,,75453,3,0,34,2,10,,75448,3,0,34,2,12,,75437,3,0,34,2,52,,75423,3,0,34,2,12,,75470,3,0,34,2,12,,75452,3,0,34,2,12,,75442,3,0,34,2,12,,75430,3,0,34,2,52,,75444,3,0,34,2,12,,75431,3,0,34,2,12,,75434,3,0,34,2,12,,75432,3,0,34,2,9,,75468,3,,,2,55,,75427,3,,,2
30401,'5',2620,,75482,3,,,2,7,,75478,3,0,34,2,10,,75492,3,0,34,2,10,,75495,3,0,34,2,12,,75487,3,0,34,2,52,,75497,3,0,34,2,12,,75474,3,0,34,2,12,,75489,3,0,34,2,12,,75488,3,0,34,2,12,,75498,3,0,34,2,52,,75479,3,0,34,2,12,,75483,3,0,34,2,12,,75484,3,0,34,2,12,,75485,3,0,34,2,9,,75476,3,,,2,55,,75493,3,,,2
30501,'1',2501,,75630,3,0,34,2,20,,75622,3,0,34,2,15,,75621,3,0,34,2,15,,75616,3,0,34,2,55,,75620,3,0,34,2,10,,75618,3,0,34,2,10,,75625,3,0,34,2,20,,75624,3,0,34,2,10,,75626,3,0,34,2,50,,75628,3,0,34,2,20,,75627,3,0,34,2,20,,75623,3,0,34,2,60,,75619,3,0,34,2,30,,75629,3,0,34,2,70,,75617,3,0,34,2
30501,'2',2513,,75643,3,0,34,2,6,,75645,3,0,34,2,2,,75644,3,0,34,2,15,,53993,3,0,34,2,10,,75641,3,0,34,2,10,,75638,3,0,34,2,60,,75635,3,0,34,2,20,,75633,3,0,34,2,20,,75632,3,0,34,2,60,,75642,3,0,34,2,20,,75639,3,0,34,2,20,,75634,3,0,34,2,70,,75640,3,0,34,2,8,,75636,3,0,34,2,22,,75631,3,0,34,2,70,,75637,3,0,34,2
30501,'3',519,,75667,3,0,34,2,15,,75681,3,0,34,2,15,,75674,3,0,34,2,54,,75654,3,0,34,2,16,,75680,3,0,34,2,15,,75677,3,0,34,2,15,,75661,3,0,34,2,55,,75652,3,0,34,2,15,,75660,3,0,34,2,10,,75668,3,0,34,2,10,,75649,3,0,34,2,10,,75670,3,0,34,2,10,,75659,3,0,34,2,1749,,75666,3,0,34,2,10,,75658,3,0,34,2,10,,75651,3,0,34,2,10,,75663,3,0,34,2,12,,75657,3,0,34,2,60,,75678,3,0,34,2,7,,75675,3,0,34,2,13,,75664,3,0,34,2,20,,75662,3,0,34,2,50,,75671,3,0,34,2,30,,75650,3,0,34,2,70,,75665,3,0,34,2,8,,75647,3,0,34,2,22,,75673,3,0,34,2,20,,75648,3,0,34,2
30501,'5',2508,,75694,3,0,34,2,11,,75688,3,0,34,2,9,,75684,3,0,34,2,10,,75682,3,0,34,2,12,,75696,3,0,34,2,57,,75693,3,0,34,2,6,,75687,3,0,34,2,17,,75685,3,0,34,2,20,,75695,3,0,34,2,60,,75686,3,0,34,2,20,,75689,3,0,34,2,27,,75691,3,0,34,2,51,,75692,3,0,34,2,22,,75690,3,0,34,2,70,,75683,3,0,34,2
50401,'1',503,,78583,3,0,46 43 44 3 45,2,15,,78505,3,0,46 43 44 3 45,2,10,,78549,3,0,46 43 44 3 45,2,10,,78571,3,0,46 43 44 3 45,2
50401,'2',451,,78921,3,0,46 43 44 3 45,2,60,,78730,3,0,46 43 44 3 45,2,15,,78955,3,0,46 43 44 3 45,2,15,,78828,3,0,46 43 44 3 45,2,10,,78780,3,0,46 43 44 3 45,2
50401,'5',515,,79351,3,0,46 43 44 3 45,2,14,,79292,3,0,46 43 44 3 45,2,14,,79277,3,0,46 43 44 3 45,2
