30402,'1',2604,,26265,2,0,5 41,1,10,,26266,2,0,5 41,1,10,,26267,2,0,5 41,1,10,,26268,2,0,5 41,1,10,,26269,2,0,5 41,1,10,,26270,2,0,5 41,1,50,,26271,2,0,5 41,1,10,,26272,2,0,5 41,1,10,,26273,2,0,5 41,1,10,,26274,2,0,5 41,1,10,,26275,2,0,5 41,1,10,,26276,2,0,5 41,1,50,,26277,2,0,5 41,1,10,,26278,2,0,5 41,1,10,,26279,2,0,5 41,1,10,,26280,2,0,5 41,1,6,,26264,2,0,5 41,1,11,,26262,2,0,34 3 14,1,50,,26282,2,0,34 3 14,1,10,,26263,2,0,34 3 14,1,10,,26281,2,0,34 3 14,1,10,,26261,2,0,34 3 14,1,14,,26283,2,0,34 3 14,1
30402,'2',2557,,26305,2,0,34 3 14,1,50,,26306,2,0,34 3 14,1,17,,26285,2,0,5 41,1,10,,26286,2,0,5 41,1,10,,26287,2,0,5 41,1,10,,26288,2,0,5 41,1,50,,26289,2,0,5 41,1,10,,26290,2,0,5 41,1,10,,26291,2,0,5 41,1,10,,26292,2,0,5 41,1,10,,26293,2,0,5 41,1,10,,26294,2,0,5 41,1,50,,26295,2,0,5 41,1,10,,26296,2,0,5 41,1,10,,26284,2,0,5 41,1,10,,26297,2,0,5 41,1,10,,26298,2,0,5 41,1,10,,26299,2,0,5 41,1,53,,26300,2,0,5 41,1,7,,26307,2,0,34 3 14,1,10,,26301,2,0,34 3 14,1,10,,26302,2,0,34 3 14,1,10,,26303,2,0,34 3 14,1,10,,26304,2,0,34 3 14,1
30402,'3',501,,26346,2,0,27 21 42,1,21,,26347,2,0,27 21 42,1,16,,26312,2,0,27 21 42,1,13,,26336,2,0,27 21 42,1,54,,26313,2,0,27 21 42,1,14,,26314,2,0,27 21 42,1,14,,26335,2,0,27 21 42,1,14,,26315,2,0,27 21 42,1,54,,26316,2,0,27 21 42,1,14,,26337,2,0,27 21 42,1,14,,26338,2,0,27 21 42,1,14,,26339,2,0,27 21 42,1,14,,26334,2,0,27 21 42,1,1870,,26318,2,0,5 41,1,10,,26355,2,0,5 41,1,10,,26356,2,0,5 41,1,10,,26357,2,0,5 41,1,50,,26348,2,0,5 41,1,10,,26349,2,0,5 41,1,10,,26350,2,0,5 41,1,10,,26351,2,0,5 41,1,10,,26352,2,0,5 41,1,10,,26353,2,0,5 41,1,50,,26354,2,0,5 41,1,11,,26317,2,0,5 41,1,4,,26322,2,0,34 3 14,1,10,,26359,2,0,34 3 14,1,10,,26330,2,0,34 3 14,1,10,,26360,2,0,34 3 14,1,50,,26329,2,0,34 3 14,1,10,,26361,2,0,34 3 14,1,10,,26323,2,0,34 3 14,1,10,,26358,2,0,34 3 14,1,10,,26321,2,0,34 3 14,1
30402,'4',2627,,26363,2,0,5 41,1,10,,26376,2,0,5 41,1,10,,26377,2,0,5 41,1,10,,26378,2,0,5 41,1,50,,26369,2,0,5 41,1,10,,26370,2,0,5 41,1,10,,26371,2,0,5 41,1,10,,26372,2,0,5 41,1,10,,26373,2,0,5 41,1,10,,26374,2,0,5 41,1,50,,26375,2,0,5 41,1,11,,26362,2,0,5 41,1,4,,26365,2,0,34 3 14,1,10,,26380,2,0,34 3 14,1,10,,26368,2,0,34 3 14,1,10,,26381,2,0,34 3 14,1,50,,26367,2,0,34 3 14,1,10,,26382,2,0,34 3 14,1,10,,26366,2,0,34 3 14,1,10,,26379,2,0,34 3 14,1,10,,26364,2,0,34 3 14,1
30502,'1',2514,,26472,2,0,5 41,1,20,,26471,2,0,5 41,1,20,,26466,2,0,5 41,1,60,,26470,2,0,5 41,1,20,,26474,2,0,5 41,1,3,,26477,2,0,34,1,17,,26469,2,0,5 41,1,60,,26473,2,0,5 41,1,30,,26468,2,0,5 41,1,14,,26475,2,0,34,1,56,,26467,2,0,5 41,1,19,,26476,2,0,34,1
30502,'2',2504,,26490,2,0,5 41,1,4,,26494,2,0,34,1,6,,26479,2,0,34,1,10,,26489,2,0,5 41,1,20,,26480,2,0,5 41,1,9,,26495,2,0,34,1,51,,26485,2,0,5 41,1,3,,26491,2,0,34,1,17,,26484,2,0,5 41,1,20,,26487,2,0,5 41,1,60,,26486,2,0,5 41,1,20,,26488,2,0,5 41,1,20,,26483,2,0,5 41,1,60,,26482,2,0,5 41,1,30,,26481,2,0,5 41,1,8,,26492,2,0,34,1,70,,26478,2,0,34,1,30,,26493,2,0,34,1
30502,'3',450,,26526,2,0,5 41,1,57,,26525,2,0,5 41,1,17,,26497,2,0,5 41,1,15,,26524,2,0,5 41,1,15,,26523,2,0,5 41,1,55,,26522,2,0,5 41,1,10,,26498,2,0,5 41,1,10,,26521,2,0,5 41,1,10,,26520,2,0,5 41,1,10,,26518,2,0,5 41,1,10,,26519,2,0,5 41,1,50,,26517,2,0,5 41,1,10,,26516,2,0,5 41,1,10,,26515,2,0,5 41,1,10,,26514,2,0,5 41,1,1769,,26503,2,0,5 41,1,10,,26505,2,0,5 41,1,4,,26513,2,0,34,1,16,,26502,2,0,5 41,1,10,,26512,2,0,34,1,10,,26500,2,0,5 41,1,50,,26496,2,0,5 41,1,10,,26507,2,0,34,1,6,,26508,2,0,34,1,14,,26530,2,0,5 41,1,20,,26529,2,0,5 41,1,60,,26499,2,0,5 41,1,20,,26501,2,0,5 41,1,20,,26504,2,0,5 41,1,59,,26510,2,0,34,1,30,,26511,2,0,34,1,70,,26506,2,0,34,1,20,,26509,2,0,34,1
30502,'4',2508,,26534,2,0,5 41,1,10,,26536,2,0,5 41,1,9,,26543,2,0,34,1,11,,26533,2,0,5 41,1,20,,26531,2,0,5 41,1,60,,26546,2,0,5 41,1,4,,26538,2,0,34,1,5,,26539,2,0,34,1,11,,26545,2,0,5 41,1,20,,26544,2,0,5 41,1,60,,26547,2,0,5 41,1,20,,26532,2,0,5 41,1,70,,26535,2,0,5 41,1,8,,26541,2,0,34,1,30,,26542,2,0,34,1,70,,26537,2,0,34,1,30,,26540,2,0,34,1
50402,'1',449,,30353,2,0,27 21 42,1,10,,30354,2,0,27 21 42,1,50,,30351,2,0,27 21 42,1,10,,30352,2,0,27 21 42,1,10,,30355,2,0,27 21 42,1,10,,30356,2,0,27 21 42,1,10,,30357,2,0,27 21 42,1
50402,'2',501,,30568,2,0,27 21 42,1,15,,30596,2,0,27 21 42,1,10,,30606,2,0,27 21 42,1,10,,30582,2,0,27 21 42,1,10,,30581,2,0,27 21 42,1
50402,'4',537,,31038,2,0,27 21 42,1,14,,31037,2,0,27 21 42,1
50502,'1',421,,32073,2,0,5 41,1,13,,31974,2,0,5 41,1,5,,32003,2,0,5 41,1,5,,31976,2,0,5 41,1,10,,32089,2,0,5 41,1,50,,32088,2,0,5 41,1,10,,32087,2,0,5 41,1,10,,32086,2,0,5 41,1,10,,32085,2,0,5 41,1,10,,32084,2,0,5 41,1
50502,'2',457,,32191,2,0,5 41,1,46,,32232,2,0,5 41,1,10,,32246,2,0,5 41,1,10,,32233,2,0,5 41,1,10,,32193,2,0,5 41,1,10,,32194,2,0,5 41,1,10,,32195,2,0,5 41,1
50502,'4',447,,32501,2,0,5 41,1,62,,32504,2,0,5 41,1,15,,32505,2,0,5 41,1,15,,32506,2,0,5 41,1,15,,32507,2,0,5 41,1
