31003,'1',2526,,9903,0,17 7,2,10,,9894,0,17 7,2,9,,9904,0,18,2,8,,9895,0,17 7,2,60,,9905,0,17 7,2,20,,9906,0,17 7,2,20,,9898,0,17 7,2,60,,9907,0,17 7,2,20,,9901,0,17 7,2,20,,9893,0,17 7,2,60,,9899,0,17 7,2,20,,9900,0,17 7,2,20,,9896,0,17 7,2,60,,9897,0,17 7,2,20,,9902,0,18,2
31003,'2',2532,,9919,0,17 7,2,10,,9911,0,18,2,13,,9913,0,17 7,2,55,,9915,0,17 7,2,20,,9914,0,17 7,2,20,,9910,0,17 7,2,60,,9909,0,17 7,2,20,,9912,0,17 7,2,20,,9916,0,17 7,2,60,,9917,0,17 7,2,20,,9918,0,17 7,2,20,,9908,0,17 7,2,60,,9920,0,17 7,2
31003,'3',525,,9924,0,17 7,2,16,,9944,0,17 7,2,15,,9930,0,17 7,2,55,,9947,0,17 7,2,15,,9923,0,17 7,2,15,,9934,0,17 7,2,15,,9941,0,17 7,2,55,,9931,0,17 7,2,15,,9928,0,17 7,2,1794,,9939,0,18,2,10,,9922,0,17 7,2,10,,9925,0,18,2,10,,9943,0,17 7,2,60,,9927,0,17 7,2,20,,9940,0,17 7,2,20,,9945,0,17 7,2,60,,9942,0,17 7,2,20,,9946,0,17 7,2,20,,9938,0,17 7,2,60,,9937,0,17 7,2,20,,9926,0,17 7,2,20,,9921,0,17 7,2,60,,9932,0,17 7,2
31003,'5',2520,,9960,0,18,2,10,,9957,0,17 7,2,10,,9954,0,18,2,10,,9959,0,17 7,2,60,,9953,0,17 7,2,20,,9949,0,17 7,2,20,,9958,0,17 7,2,60,,9952,0,17 7,2,20,,9950,0,17 7,2,20,,9951,0,17 7,2,60,,9948,0,17 7,2,20,,9956,0,17 7,2,20,,9961,0,17 7,2,60,,9955,0,17 7,2
31004,'1',2553,,9975,4,,2,60,,9963,4,,2,20,,9970,4,,2,20,,9976,4,,2,60,,9968,4,,2,20,,9971,4,,2,20,,9962,4,,2,60,,9966,4,,2,20,,9974,4,,2,20,,9967,4,,2,60,,9972,4,,2,20,,9969,4,,2
31004,'2',2555,,9985,4,,2,55,,9980,4,,2,20,,9984,4,,2,20,,9982,4,,2,60,,9981,4,,2,20,,9991,4,,2,20,,9989,4,,2,60,,9977,4,,2,20,,9987,4,,2,20,,9983,4,,2,60,,9979,4,,2
31004,'3',525,,10014,4,,2,16,,10001,4,,2,15,,9999,4,,2,55,,10000,4,,2,10,,10005,4,,2,20,,574,4,,2,15,,10003,4,,2,55,,10007,4,,2,15,,10012,4,,2,15,,10009,4,,2,15,,9996,4,,2,1794,,10011,4,,2,60,,10010,4,,2,20,,10008,4,,2,20,,10015,4,,2,60,,10013,4,,2,20,,9993,4,,2,20,,10016,4,,2,60,,10002,4,,2,20,,10004,4,,2,20,,9994,4,,2,60,,10006,4,,2
31004,'5',2550,,10017,4,,2,60,,10030,4,,2,20,,10026,4,,2,20,,10028,4,,2,60,,10021,4,,2,20,,10019,4,,2,20,,10024,4,,2,60,,10020,4,,2,20,,10023,4,,2,20,,10027,4,,2,60,,10018,4,,2
50901,'1',606,,15948,4,,2,10,,15844,4,,2,10,,3919,4,,2,10,,15929,4,,2,10,,15836,4,,2,10,,15873,4,,2,50,,15839,4,,2,10,,15896,4,,2,10,,3833,4,,2,10,,15937,4,,2,9,,15924,4,,2,9,,15853,4,,2,49,,15880,4,,2,9,,15866,4,,2,9,,15832,4,,2,9,,15923,4,,2,9,,15942,4,,2,9,,15953,4,,2,9,,15851,4,,2,49,,15918,4,,2,9,,15877,4,,2,9,,15831,4,,2,9,,15922,4,,2,9,,15886,4,,2,9,,15943,4,,2,49,,15878,4,,2,9,,15950,4,,2,9,,15889,4,,2,9,,15850,4,,2,9,,15860,4,,2,9,,15944,4,,2,9,,15936,4,,2,49,,15874,4,,2,9,,15927,4,,2,9,,15930,4,,2,9,,15916,4,,2,9,,15945,4,,2,9,,15838,4,,2,9,,15835,4,,2,49,,15855,4,,2,9,,15893,4,,2,9,,15955,4,,2,9,,15849,4,,2,9,,15917,4,,2,9,,15882,4,,2,49,,15909,4,,2,9,,15840,4,,2,9,,15891,4,,2,9,,15887,4,,2,9,,15842,4,,2,9,,15862,4,,2,9,,15876,4,,2,49,,15846,4,,2,9,,15903,4,,2,9,,15858,4,,2,9,,15915,4,,2,9,,15888,4,,2,10,,15856,4,,2,10,,15952,4,,2,49,,15935,4,,2,10,,15863,4,,2,9,,15940,4,,2,10,,15934,4,,2,9,,15868,4,,2,10,,15861,4,,2,49,,15884,4,,2,10,,15933,4,,2,9,,15845,4,,2,10,,15911,4,,2,9,,15890,4,,2,10,,15867,4,,2,49,,15951,4,,2,10,,15859,4,,2,9,,15910,4,,2,10,,15871,4,,2,9,,15894,4,,2,10,,15857,4,,2,9,,15905,4,,2,50,,15897,4,,2,9,,15843,4,,2,10,,15908,4,,2,9,,15875,4,,2,8,,15899,4,,2,9,,15833,4,,2,50,,15879,4,,2,9,,15841,4,,2,10,,15956,4,,2,10,,15881,4,,2,10,,15932,4,,2,10,,15848,4,,2,50,,15900,4,,2,10,,15914,4,,2,10,,15939,4,,2,10,,15926,4,,2,10,,15901,4,,2,10,,15906,4,,2,50,,15920,4,,2,10,,15904,4,,2,10,,15954,4,,2,10,,15837,4,,2,10,,15902,4,,2,10,,15864,4,,2,48,,15869,4,,2,10,,15946,4,,2,10,,15925,4,,2,10,,15938,4,,2,10,,15941,4,,2,10,,15912,4,,2,50,,15895,4,,2,10,,15919,4,,2,10,,15921,4,,2,10,,15870,4,,2,10,,15892,4,,2,10,,15947,4,,2,50,,15931,4,,2,10,,15852,4,,2,10,,15865,4,,2,10,,15885,4,,2,10,,15854,4,,2,10,,15907,4,,2,50,,15898,4,,2,13,,15913,4,,2
50901,'2',604,,15964,4,,2,10,,16071,4,,2,10,,15968,4,,2,10,,16052,4,,2,10,,16060,4,,2,10,,15996,4,,2,50,,16001,4,,2,10,,16083,4,,2,10,,15997,4,,2,10,,15974,4,,2,10,,16005,4,,2,10,,15983,4,,2,50,,16045,4,,2,11,,15992,4,,2,11,,1276,4,,2,10,,16025,4,,2,10,,15973,4,,2,10,,16007,4,,2,50,,16042,4,,2,10,,15970,4,,2,10,,15990,4,,2,10,,15966,4,,2,10,,16029,4,,2,10,,15986,4,,2,50,,16074,4,,2,10,,16069,4,,2,10,,16072,4,,2,10,,15988,4,,2,10,,15982,4,,2,10,,15978,4,,2,50,,15969,4,,2,10,,16014,4,,2,10,,16049,4,,2,10,,15962,4,,2,10,,16008,4,,2,10,,16070,4,,2,50,,16003,4,,2,10,,16066,4,,2,9,,16038,4,,2,9,,16046,4,,2,9,,16023,4,,2,9,,16028,4,,2,49,,16033,4,,2,9,,16081,4,,2,9,,15981,4,,2,9,,16016,4,,2,9,,15960,4,,2,9,,15987,4,,2,9,,15995,4,,2,49,,16051,4,,2,9,,15999,4,,2,9,,16067,4,,2,9,,15976,4,,2,9,,15971,4,,2,9,,15961,4,,2,9,,15991,4,,2,49,,16061,4,,2,9,,16058,4,,2,9,,16017,4,,2,9,,16037,4,,2,9,,16076,4,,2,9,,16026,4,,2,49,,16039,4,,2,9,,15984,4,,2,9,,16056,4,,2,9,,15979,4,,2,9,,15967,4,,2,9,,16080,4,,2,9,,16018,4,,2,49,,16064,4,,2,9,,15989,4,,2,9,,15994,4,,2,9,,16065,4,,2,9,,16031,4,,2,9,,16006,4,,2,9,,16055,4,,2,49,,16024,4,,2,9,,16050,4,,2,9,,15958,4,,2,9,,16078,4,,2,9,,16012,4,,2,9,,16027,4,,2,49,,16011,4,,2,9,,16036,4,,2,9,,16062,4,,2,9,,15959,4,,2,9,,16041,4,,2,9,,16063,4,,2,9,,15993,4,,2,49,,15975,4,,2,9,,15977,4,,2,9,,15957,4,,2,9,,15985,4,,2,9,,2567,4,,2,9,,16010,4,,2,9,,16047,4,,2,49,,16019,4,,2,9,,16021,4,,2,9,,16059,4,,2,9,,16013,4,,2,9,,16075,4,,2,9,,16002,4,,2,49,,16044,4,,2,9,,16082,4,,2,9,,16040,4,,2,9,,15965,4,,2,10,,16004,4,,2,10,,16035,4,,2,10,,16034,4,,2,50,,16048,4,,2,10,,15980,4,,2,10,,15972,4,,2,10,,16000,4,,2,10,,16077,4,,2,10,,16009,4,,2,50,,16053,4,,2,10,,16030,4,,2,10,,16043,4,,2,10,,15963,4,,2,10,,16068,4,,2,10,,16020,4,,2,50,,16054,4,,2,12,,16057,4,,2
50901,'3',608,,16132,4,,2,15,,16168,4,,2,15,,16192,4,,2,15,,16188,4,,2,55,,16171,4,,2,15,,16155,4,,2,15,,16099,4,,2,15,,16084,4,,2,55,,16123,4,,2,11,,16148,4,,2,10,,16200,4,,2,10,,16150,4,,2,10,,16102,4,,2,10,,16112,4,,2,50,,16094,4,,2,10,,16097,4,,2,10,,989,4,,2,10,,16165,4,,2,10,,16136,4,,2,10,,16177,4,,2,50,,16124,4,,2,10,,16169,4,,2,10,,16126,4,,2,10,,16189,4,,2,10,,16182,4,,2,10,,16162,4,,2,50,,16202,4,,2,10,,16085,4,,2,10,,16092,4,,2,10,,16115,4,,2,10,,16184,4,,2,10,,16187,4,,2,50,,16174,4,,2,9,,16190,4,,2,11,,16156,4,,2,9,,16106,4,,2,9,,16149,4,,2,9,,16114,4,,2,49,,16203,4,,2,9,,16198,4,,2,9,,16183,4,,2,9,,16100,4,,2,9,,16185,4,,2,9,,16110,4,,2,9,,16138,4,,2,49,,16144,4,,2,9,,16158,4,,2,9,,16172,4,,2,9,,16113,4,,2,9,,16163,4,,2,9,,16120,4,,2,49,,16087,4,,2,9,,16105,4,,2,9,,16146,4,,2,9,,16141,4,,2,9,,16122,4,,2,9,,16199,4,,2,9,,16107,4,,2,49,,16194,4,,2,9,,16101,4,,2,9,,16175,4,,2,9,,16157,4,,2,9,,16166,4,,2,9,,16127,4,,2,9,,16128,4,,2,49,,16201,4,,2,9,,16096,4,,2,9,,16116,4,,2,9,,16108,4,,2,9,,16086,4,,2,9,,16089,4,,2,49,,16181,4,,2,9,,16095,4,,2,9,,16195,4,,2,9,,16196,4,,2,9,,16164,4,,2,9,,16153,4,,2,9,,16109,4,,2,49,,16179,4,,2,9,,16159,4,,2,10,,16151,4,,2,10,,16154,4,,2,10,,16176,4,,2,10,,16119,4,,2,50,,16191,4,,2,10,,16152,4,,2,10,,16098,4,,2,10,,16135,4,,2,10,,16088,4,,2,10,,16145,4,,2,50,,16133,4,,2,10,,16103,4,,2,10,,16118,4,,2,10,,16117,4,,2,10,,16104,4,,2,10,,16178,4,,2,50,,16180,4,,2,10,,16186,4,,2,7,,7551,4,,2,10,,16197,4,,2,10,,16160,4,,2,10,,16121,4,,2,50,,16093,4,,2,10,,16134,4,,2,10,,16129,4,,2,10,,6366,4,,2,10,,16140,4,,2,10,,16139,4,,2,50,,16131,4,,2,10,,16167,4,,2,10,,16091,4,,2,10,,16193,4,,2,10,,16170,4,,2,10,,16173,4,,2,50,,16142,4,,2,10,,16137,4,,2,9,,16090,4,,2
50901,'5',608,,16272,4,,2,15,,16322,4,,2,15,,16218,4,,2,15,,16246,4,,2,55,,16299,4,,2,15,,16287,4,,2,15,,16206,4,,2,15,,16313,4,,2,55,,16219,4,,2,11,,16221,4,,2,10,,16325,4,,2,10,,16307,4,,2,10,,16226,4,,2,10,,16237,4,,2,50,,16265,4,,2,10,,16283,4,,2,10,,16323,4,,2,10,,16298,4,,2,10,,16224,4,,2,10,,16209,4,,2,50,,16220,4,,2,10,,16297,4,,2,10,,16239,4,,2,10,,16241,4,,2,10,,16228,4,,2,10,,16250,4,,2,50,,16317,4,,2,10,,16225,4,,2,10,,16242,4,,2,10,,16302,4,,2,10,,16244,4,,2,10,,16280,4,,2,50,,16238,4,,2,9,,16281,4,,2,11,,16254,4,,2,9,,16222,4,,2,9,,16275,4,,2,9,,16285,4,,2,49,,16215,4,,2,9,,16324,4,,2,9,,16310,4,,2,9,,16292,4,,2,9,,16207,4,,2,9,,16268,4,,2,9,,16259,4,,2,49,,16227,4,,2,9,,16318,4,,2,9,,16273,4,,2,9,,16274,4,,2,9,,16248,4,,2,9,,16251,4,,2,49,,16253,4,,2,9,,16263,4,,2,9,,16240,4,,2,9,,16316,4,,2,9,,16295,4,,2,9,,16304,4,,2,9,,16294,4,,2,49,,16229,4,,2,9,,16291,4,,2,9,,16208,4,,2,9,,16279,4,,2,9,,16276,4,,2,9,,16249,4,,2,9,,16266,4,,2,49,,16308,4,,2,9,,16326,4,,2,9,,16214,4,,2,9,,16243,4,,2,9,,16223,4,,2,9,,16261,4,,2,49,,16213,4,,2,9,,16262,4,,2,9,,16270,4,,2,9,,16288,4,,2,9,,16255,4,,2,9,,16264,4,,2,9,,16231,4,,2,49,,16216,4,,2,9,,16290,4,,2,10,,16320,4,,2,10,,16211,4,,2,10,,16321,4,,2,10,,16314,4,,2,50,,16204,4,,2,10,,16260,4,,2,10,,16305,4,,2,10,,16269,4,,2,10,,16256,4,,2,10,,16301,4,,2,50,,16230,4,,2,10,,16217,4,,2,10,,16284,4,,2,10,,16247,4,,2,10,,16311,4,,2,10,,16205,4,,2,50,,16309,4,,2,10,,16234,4,,2,7,,16296,4,,2,10,,16293,4,,2,10,,16257,4,,2,10,,16252,4,,2,50,,16258,4,,2,10,,16306,4,,2,10,,16232,4,,2,10,,16312,4,,2,10,,16303,4,,2,10,,16277,4,,2,50,,16236,4,,2,10,,16300,4,,2,10,,16245,4,,2,10,,16289,4,,2,10,,16278,4,,2,10,,16315,4,,2,50,,16286,4,,2,10,,16271,4,,2,9,,16212,4,,2
50902,'1',606,,16431,0,19,2,10,,16355,0,19,2,10,,16423,0,19,2,10,,16334,0,19,2,10,,7679,0,19,2,10,,16413,0,19,2,50,,16350,0,19,2,10,,16366,0,19,2,10,,16445,0,19,2,10,,16412,0,19,2,9,,16384,0,19,2,9,,16393,0,19,2,49,,16362,0,19,2,9,,16417,0,19,2,9,,16398,0,19,2,9,,16403,0,19,2,9,,16386,0,19,2,9,,16404,0,19,2,9,,16392,0,19,2,49,,16357,0,19,2,9,,16364,0,19,2,9,,16437,0,19,2,9,,16422,0,19,2,9,,16446,0,19,2,9,,16363,0,19,2,49,,16374,0,19,2,9,,16428,0,19,2,9,,16435,0,19,2,9,,16328,0,19,2,9,,16416,0,19,2,9,,16349,0,19,2,9,,16369,0,19,2,49,,16340,0,19,2,9,,16443,0,19,2,9,,16358,0,19,2,9,,16396,0,19,2,9,,16397,0,19,2,9,,16440,0,19,2,9,,16411,0,19,2,49,,16419,0,19,2,9,,16409,0,19,2,9,,16438,0,19,2,9,,16356,0,19,2,9,,16449,0,19,2,9,,16426,0,19,2,49,,16354,0,19,2,9,,16327,0,19,2,9,,16377,0,19,2,9,,16341,0,19,2,9,,16368,0,19,2,9,,16430,0,19,2,9,,16335,0,19,2,49,,16433,0,19,2,9,,16389,0,19,2,9,,16421,0,19,2,9,,16387,0,19,2,9,,16434,0,19,2,10,,16371,0,19,2,10,,7834,0,19,2,49,,16420,0,19,2,10,,16343,0,19,2,9,,16381,0,19,2,10,,16432,0,19,2,9,,16427,0,19,2,10,,16391,0,19,2,49,,3761,0,19,2,10,,16331,0,19,2,9,,16348,0,19,2,10,,16353,0,19,2,9,,16388,0,19,2,10,,16383,0,19,2,49,,16361,0,19,2,10,,16347,0,19,2,9,,16365,0,19,2,10,,16401,0,19,2,9,,16337,0,19,2,10,,16372,0,19,2,9,,16344,0,19,2,50,,16378,0,19,2,9,,16352,0,19,2,10,,16332,0,19,2,9,,16382,0,19,2,8,,16407,0,19,2,9,,16442,0,19,2,50,,16447,0,19,2,9,,16402,0,19,2,10,,16360,0,19,2,10,,16408,0,19,2,10,,16415,0,19,2,10,,16370,0,19,2,50,,16424,0,19,2,10,,16400,0,19,2,10,,16441,0,19,2,10,,16436,0,19,2,10,,7795,0,19,2,10,,16367,0,19,2,50,,16448,0,19,2,10,,16439,0,19,2,10,,16410,0,19,2,10,,16351,0,19,2,10,,16338,0,19,2,10,,16385,0,19,2,48,,16418,0,19,2,10,,16414,0,19,2,10,,16342,0,19,2,10,,16399,0,19,2,10,,16346,0,19,2,10,,16406,0,19,2,50,,16329,0,19,2,10,,16380,0,19,2,10,,16405,0,19,2,10,,16359,0,19,2,10,,16336,0,19,2,10,,16390,0,19,2,50,,16333,0,19,2,10,,16376,0,19,2,10,,16330,0,19,2,10,,16425,0,19,2,10,,16444,0,19,2,10,,16429,0,19,2,50,,16379,0,19,2,13,,1126,0,19,2
50902,'2',604,,16513,0,19,2,10,,16576,0,19,2,10,,16478,0,19,2,10,,3044,0,19,2,10,,16541,0,19,2,10,,16499,0,19,2,50,,16558,0,19,2,10,,16473,0,19,2,10,,16546,0,19,2,10,,16479,0,19,2,10,,16527,0,19,2,10,,16564,0,19,2,50,,16535,0,19,2,11,,16551,0,19,2,11,,16543,0,19,2,10,,16489,0,19,2,10,,16470,0,19,2,10,,16562,0,19,2,50,,16529,0,19,2,10,,16517,0,19,2,10,,16457,0,19,2,10,,16537,0,19,2,10,,16540,0,19,2,10,,1705,0,19,2,50,,16450,0,19,2,10,,16510,0,19,2,10,,16451,0,19,2,10,,16571,0,19,2,10,,16464,0,19,2,10,,16572,0,19,2,50,,16526,0,19,2,10,,16565,0,19,2,10,,16566,0,19,2,10,,16467,0,19,2,10,,16491,0,19,2,10,,16547,0,19,2,50,,16561,0,19,2,10,,16550,0,19,2,9,,16563,0,19,2,9,,16544,0,19,2,9,,16483,0,19,2,9,,16488,0,19,2,49,,16480,0,19,2,9,,16530,0,19,2,9,,16465,0,19,2,9,,16492,0,19,2,9,,16484,0,19,2,9,,16567,0,19,2,9,,16468,0,19,2,49,,16519,0,19,2,9,,16477,0,19,2,9,,16515,0,19,2,9,,16471,0,19,2,9,,16501,0,19,2,9,,16500,0,19,2,9,,16497,0,19,2,49,,16556,0,19,2,9,,16545,0,19,2,9,,16455,0,19,2,9,,16462,0,19,2,9,,16523,0,19,2,9,,16539,0,19,2,49,,16569,0,19,2,9,,16459,0,19,2,9,,16498,0,19,2,9,,16548,0,19,2,9,,16486,0,19,2,9,,16485,0,19,2,9,,16453,0,19,2,49,,16518,0,19,2,9,,16524,0,19,2,9,,16466,0,19,2,9,,16472,0,19,2,9,,16536,0,19,2,9,,16475,0,19,2,9,,16482,0,19,2,49,,16496,0,19,2,9,,16516,0,19,2,9,,16525,0,19,2,9,,16528,0,19,2,9,,16487,0,19,2,9,,16503,0,19,2,49,,16520,0,19,2,9,,16553,0,19,2,9,,16505,0,19,2,9,,16454,0,19,2,9,,16555,0,19,2,9,,16507,0,19,2,9,,16508,0,19,2,49,,16490,0,19,2,9,,16560,0,19,2,9,,16474,0,19,2,9,,16534,0,19,2,9,,16522,0,19,2,9,,16521,0,19,2,9,,16502,0,19,2,49,,16504,0,19,2,9,,16493,0,19,2,9,,16476,0,19,2,9,,16557,0,19,2,9,,16469,0,19,2,9,,16495,0,19,2,49,,16533,0,19,2,9,,16481,0,19,2,9,,16463,0,19,2,9,,16542,0,19,2,10,,16514,0,19,2,10,,16552,0,19,2,10,,16575,0,19,2,50,,16460,0,19,2,10,,16456,0,19,2,10,,16568,0,19,2,10,,16494,0,19,2,10,,16506,0,19,2,10,,16531,0,19,2,50,,16574,0,19,2,10,,16538,0,19,2,10,,16452,0,19,2,10,,16512,0,19,2,10,,16573,0,19,2,10,,16570,0,19,2,50,,16511,0,19,2,12,,16554,0,19,2
50902,'3',608,,16609,0,19,2,15,,16596,0,19,2,15,,16633,0,19,2,15,,16675,0,19,2,55,,16586,0,19,2,15,,16654,0,19,2,15,,16669,0,19,2,15,,16584,0,19,2,55,,16605,0,19,2,11,,16660,0,19,2,10,,16623,0,19,2,10,,16636,0,19,2,10,,16694,0,19,2,10,,16619,0,19,2,50,,16648,0,19,2,10,,16612,0,19,2,10,,16632,0,19,2,10,,16652,0,19,2,10,,16587,0,19,2,10,,16645,0,19,2,50,,16672,0,19,2,10,,16659,0,19,2,10,,16650,0,19,2,10,,16621,0,19,2,10,,16607,0,19,2,10,,16616,0,19,2,50,,16617,0,19,2,10,,16624,0,19,2,10,,16585,0,19,2,10,,16688,0,19,2,10,,16613,0,19,2,10,,16581,0,19,2,50,,16600,0,19,2,9,,16690,0,19,2,11,,16638,0,19,2,9,,16580,0,19,2,9,,16663,0,19,2,9,,16631,0,19,2,49,,16696,0,19,2,9,,16602,0,19,2,9,,16673,0,19,2,9,,16618,0,19,2,9,,16637,0,19,2,9,,16610,0,19,2,9,,16684,0,19,2,49,,16676,0,19,2,9,,16671,0,19,2,9,,16644,0,19,2,9,,16679,0,19,2,9,,16668,0,19,2,9,,16655,0,19,2,49,,16608,0,19,2,9,,16635,0,19,2,9,,16681,0,19,2,9,,16595,0,19,2,9,,16658,0,19,2,9,,16634,0,19,2,9,,16642,0,19,2,49,,16615,0,19,2,9,,16630,0,19,2,9,,16627,0,19,2,9,,16680,0,19,2,9,,16692,0,19,2,9,,16588,0,19,2,9,,16689,0,19,2,49,,16626,0,19,2,9,,16667,0,19,2,9,,16674,0,19,2,9,,16695,0,19,2,9,,16685,0,19,2,9,,16604,0,19,2,49,,16666,0,19,2,9,,16582,0,19,2,9,,16620,0,19,2,9,,7609,0,19,2,9,,16643,0,19,2,9,,16601,0,19,2,9,,7001,0,19,2,49,,16665,0,19,2,9,,16583,0,19,2,10,,16641,0,19,2,10,,16686,0,19,2,10,,16640,0,19,2,10,,16693,0,19,2,50,,16651,0,19,2,10,,16639,0,19,2,10,,16611,0,19,2,10,,16682,0,19,2,10,,16592,0,19,2,10,,16662,0,19,2,50,,16653,0,19,2,10,,16603,0,19,2,10,,16622,0,19,2,10,,16656,0,19,2,10,,16677,0,19,2,10,,16657,0,19,2,50,,16625,0,19,2,10,,16577,0,19,2,7,,16687,0,19,2,10,,16594,0,19,2,10,,16589,0,19,2,10,,16593,0,19,2,50,,16661,0,19,2,10,,16646,0,19,2,10,,16591,0,19,2,10,,16590,0,19,2,10,,16629,0,19,2,10,,16606,0,19,2,50,,16599,0,19,2,10,,9201,0,19,2,10,,16691,0,19,2,10,,16598,0,19,2,10,,16628,0,19,2,10,,16578,0,19,2,50,,16597,0,19,2,10,,16614,0,19,2,9,,16647,0,19,2
50902,'5',608,,16735,0,19,2,15,,16770,0,19,2,15,,16738,0,19,2,15,,16808,0,19,2,55,,16769,0,19,2,15,,16724,0,19,2,15,,16747,0,19,2,15,,16719,0,19,2,55,,16781,0,19,2,11,,16743,0,19,2,10,,16722,0,19,2,10,,16721,0,19,2,10,,16758,0,19,2,10,,16786,0,19,2,50,,16772,0,19,2,10,,16766,0,19,2,10,,16782,0,19,2,10,,16780,0,19,2,10,,16742,0,19,2,10,,16702,0,19,2,50,,16741,0,19,2,10,,16803,0,19,2,10,,16794,0,19,2,10,,16727,0,19,2,10,,16705,0,19,2,10,,16718,0,19,2,50,,16774,0,19,2,10,,16818,0,19,2,10,,16745,0,19,2,10,,16809,0,19,2,10,,16795,0,19,2,10,,16710,0,19,2,50,,16783,0,19,2,9,,16784,0,19,2,11,,16723,0,19,2,9,,16757,0,19,2,9,,16759,0,19,2,9,,16700,0,19,2,49,,16764,0,19,2,9,,16806,0,19,2,9,,16765,0,19,2,9,,16787,0,19,2,9,,16761,0,19,2,9,,16698,0,19,2,9,,16768,0,19,2,49,,16709,0,19,2,9,,16819,0,19,2,9,,16739,0,19,2,9,,16811,0,19,2,9,,16812,0,19,2,9,,16799,0,19,2,49,,16753,0,19,2,9,,16726,0,19,2,9,,16717,0,19,2,9,,16752,0,19,2,9,,16704,0,19,2,9,,16706,0,19,2,9,,16736,0,19,2,49,,16751,0,19,2,9,,16788,0,19,2,9,,16755,0,19,2,9,,16814,0,19,2,9,,16771,0,19,2,9,,16756,0,19,2,9,,16707,0,19,2,49,,16744,0,19,2,9,,16789,0,19,2,9,,16699,0,19,2,9,,16734,0,19,2,9,,16730,0,19,2,9,,16792,0,19,2,49,,16763,0,19,2,9,,16791,0,19,2,9,,16773,0,19,2,9,,16801,0,19,2,9,,16776,0,19,2,9,,16725,0,19,2,9,,16733,0,19,2,49,,16749,0,19,2,9,,16737,0,19,2,10,,16754,0,19,2,10,,16729,0,19,2,10,,16708,0,19,2,10,,16714,0,19,2,50,,16760,0,19,2,10,,16732,0,19,2,10,,16779,0,19,2,10,,16797,0,19,2,10,,16777,0,19,2,10,,16817,0,19,2,50,,16798,0,19,2,10,,16775,0,19,2,10,,16793,0,19,2,10,,16720,0,19,2,10,,16762,0,19,2,10,,16697,0,19,2,50,,16785,0,19,2,10,,16796,0,19,2,7,,16750,0,19,2,10,,16716,0,19,2,10,,16748,0,19,2,10,,16815,0,19,2,50,,16813,0,19,2,10,,16790,0,19,2,10,,16802,0,19,2,10,,16713,0,19,2,10,,16703,0,19,2,10,,16711,0,19,2,50,,16804,0,19,2,10,,16767,0,19,2,10,,16807,0,19,2,10,,16810,0,19,2,10,,16715,0,19,2,10,,16712,0,19,2,50,,16701,0,19,2,10,,16731,0,19,2,9,,16740,0,19,2
51003,'1',520,,16841,0,17 7,2,11,,16952,0,17 7,2,5,,16857,0,17 7,2,9,,17000,0,17 7,2,9,,16897,0,17 7,2,49,,16929,0,17 7,2,9,,16939,0,17 7,2,9,,16937,0,17 7,2,9,,16856,0,17 7,2,9,,16987,0,17 7,2,9,,16974,0,17 7,2,9,,16933,0,17 7,2,49,,16925,0,17 7,2,9,,17005,0,17 7,2,9,,16837,0,17 7,2,9,,16824,0,17 7,2,8,,17014,0,17 7,2,9,,16926,0,17 7,2,50,,16978,0,17 7,2,10,,17029,0,17 7,2,10,,16904,0,17 7,2,10,,16825,0,17 7,2,9,,16865,0,17 7,2,10,,16988,0,17 7,2,10,,16956,0,17 7,2,50,,16924,0,17 7,2,10,,16899,0,17 7,2,10,,7245,0,17 7,2,10,,16882,0,17 7,2,10,,16976,0,17 7,2,10,,8342,0,17 7,2,50,,16942,0,17 7,2,10,,16886,0,17 7,2,10,,16957,0,17 7,2,10,,17010,0,17 7,2,10,,16962,0,17 7,2,10,,17024,0,17 7,2,50,,16910,0,17 7,2,10,,16860,0,17 7,2,10,,16840,0,17 7,2,10,,16878,0,17 7,2,10,,16831,0,17 7,2,10,,16950,0,17 7,2,50,,17007,0,17 7,2,10,,16982,0,17 7,2,10,,16898,0,17 7,2,10,,16858,0,17 7,2,10,,16887,0,17 7,2,10,,16880,0,17 7,2,50,,16889,0,17 7,2,10,,17013,0,17 7,2,10,,16833,0,17 7,2,10,,16964,0,17 7,2,10,,16885,0,17 7,2,10,,16854,0,17 7,2,50,,16877,0,17 7,2,10,,16958,0,17 7,2,10,,16915,0,17 7,2,10,,16881,0,17 7,2,10,,17021,0,17 7,2,51,,16921,0,17 7,2,10,,16941,0,17 7,2,10,,16975,0,17 7,2,10,,17008,0,17 7,2,10,,16871,0,17 7,2,10,,16947,0,17 7,2,50,,16874,0,17 7,2,10,,16873,0,17 7,2,10,,16838,0,17 7,2,10,,16922,0,17 7,2,10,,16970,0,17 7,2,10,,16843,0,17 7,2,50,,17028,0,17 7,2,10,,16875,0,17 7,2,10,,17018,0,17 7,2,10,,17012,0,17 7,2,10,,17027,0,17 7,2,10,,16847,0,17 7,2,50,,16930,0,17 7,2,10,,16855,0,17 7,2,10,,16938,0,17 7,2,10,,16997,0,17 7,2,10,,16903,0,17 7,2,10,,16951,0,17 7,2,51,,16866,0,17 7,2,11,,16960,0,17 7,2,10,,16981,0,17 7,2,10,,16961,0,17 7,2,11,,16993,0,17 7,2,9,,16901,0,17 7,2,50,,16949,0,17 7,2,11,,16995,0,17 7,2,10,,16848,0,17 7,2,10,,16953,0,17 7,2,10,,16906,0,17 7,2,10,,16912,0,17 7,2,50,,16991,0,17 7,2,10,,17011,0,17 7,2,10,,16905,0,17 7,2,10,,16884,0,17 7,2,10,,17019,0,17 7,2,10,,16826,0,17 7,2,53,,16900,0,17 7,2,10,,17033,0,17 7,2,10,,16920,0,17 7,2,10,,16979,0,17 7,2,10,,17004,0,17 7,2,10,,16913,0,17 7,2,46,,17001,0,17 7,2,10,,16888,0,17 7,2,9,,16968,0,17 7,2,10,,16908,0,17 7,2,9,,16927,0,17 7,2,10,,16883,0,17 7,2,9,,16868,0,17 7,2,50,,16944,0,17 7,2,9,,16869,0,17 7,2,10,,16846,0,17 7,2,9,,16923,0,17 7,2,10,,16948,0,17 7,2,9,,16940,0,17 7,2,50,,16972,0,17 7,2,9,,16863,0,17 7,2
51003,'2',525,,17265,0,17 7,2,10,,17123,0,17 7,2,9,,17256,0,17 7,2,10,,17083,0,17 7,2,49,,17101,0,17 7,2,10,,17258,0,17 7,2,9,,17176,0,17 7,2,10,,17161,0,17 7,2,9,,17260,0,17 7,2,10,,8956,0,17 7,2,49,,17269,0,17 7,2,10,,17091,0,17 7,2,9,,17253,0,17 7,2,10,,17267,0,17 7,2,9,,17155,0,17 7,2,10,,17068,0,17 7,2,9,,17210,0,17 7,2,50,,17224,0,17 7,2,9,,17163,0,17 7,2,10,,17063,0,17 7,2,9,,17039,0,17 7,2,10,,17201,0,17 7,2,9,,17154,0,17 7,2,50,,17177,0,17 7,2,12,,17095,0,17 7,2,8,,17045,0,17 7,2,9,,17105,0,17 7,2,8,,17100,0,17 7,2,9,,17268,0,17 7,2,8,,17073,0,17 7,2,49,,17087,0,17 7,2,8,,17171,0,17 7,2,9,,17082,0,17 7,2,8,,17037,0,17 7,2,9,,17239,0,17 7,2,8,,17261,0,17 7,2,9,,17266,0,17 7,2,48,,17227,0,17 7,2,9,,17199,0,17 7,2,8,,17133,0,17 7,2,9,,3050,0,17 7,2,9,,17089,0,17 7,2,8,,17194,0,17 7,2,8,,17081,0,17 7,2,48,,17050,0,17 7,2,7,,17205,0,17 7,2,8,,17167,0,17 7,2,8,,17175,0,17 7,2,8,,17195,0,17 7,2,7,,17094,0,17 7,2,8,,17141,0,17 7,2,8,,17244,0,17 7,2,48,,17067,0,17 7,2,7,,17240,0,17 7,2,8,,17250,0,17 7,2,8,,17182,0,17 7,2,8,,17152,0,17 7,2,7,,17230,0,17 7,2,8,,17122,0,17 7,2,48,,17217,0,17 7,2,8,,17062,0,17 7,2,7,,17172,0,17 7,2,8,,17214,0,17 7,2,8,,17211,0,17 7,2,8,,17197,0,17 7,2,7,,17198,0,17 7,2,8,,6847,0,17 7,2,48,,17234,0,17 7,2,8,,17158,0,17 7,2,7,,2928,0,17 7,2,8,,8518,0,17 7,2,8,,17051,0,17 7,2,8,,17229,0,17 7,2,7,,17090,0,17 7,2,8,,17151,0,17 7,2,48,,17049,0,17 7,2,8,,17097,0,17 7,2,7,,17047,0,17 7,2,8,,17209,0,17 7,2,8,,17212,0,17 7,2,8,,17096,0,17 7,2,7,,17208,0,17 7,2,8,,17238,0,17 7,2,48,,17138,0,17 7,2,8,,17263,0,17 7,2,7,,17076,0,17 7,2,8,,17060,0,17 7,2,8,,17173,0,17 7,2,8,,17127,0,17 7,2,7,,17178,0,17 7,2,48,,17072,0,17 7,2,8,,17064,0,17 7,2,8,,17164,0,17 7,2,7,,17248,0,17 7,2,8,,17220,0,17 7,2,8,,17048,0,17 7,2,7,,17137,0,17 7,2,6,,17204,0,17 7,2,2,,17241,0,17 7,2,47,,17166,0,17 7,2,6,,17223,0,17 7,2,5,,17109,0,17 7,2,5,,17153,0,17 7,2,5,,17075,0,17 7,2,6,,17179,0,17 7,2,5,,17098,0,17 7,2,5,,17180,0,17 7,2,5,,17270,0,17 7,2,6,,17132,0,17 7,2,5,,17046,0,17 7,2,45,,17169,0,17 7,2,5,,17102,0,17 7,2,6,,17130,0,17 7,2,5,,17038,0,17 7,2,5,,17061,0,17 7,2,5,,17168,0,17 7,2,6,,17041,0,17 7,2,5,,17131,0,17 7,2,5,,17231,0,17 7,2,5,,17192,0,17 7,2,6,,17079,0,17 7,2,5,,17174,0,17 7,2,45,,17187,0,17 7,2,5,,17185,0,17 7,2,6,,17125,0,17 7,2,5,,17114,0,17 7,2,5,,17251,0,17 7,2,5,,17143,0,17 7,2,6,,17080,0,17 7,2,5,,17160,0,17 7,2,5,,17218,0,17 7,2,5,,17228,0,17 7,2,6,,17052,0,17 7,2,45,,17222,0,17 7,2,5,,17128,0,17 7,2,3,,17129,0,17 7,2,11,,17113,0,17 7,2,9,,17078,0,17 7,2,9,,17219,0,17 7,2,10,,17157,0,17 7,2,9,,17162,0,17 7,2,50,,17071,0,17 7,2,9,,17264,0,17 7,2,10,,17203,0,17 7,2,9,,17156,0,17 7,2,10,,17042,0,17 7,2,9,,17112,0,17 7,2,50,,17159,0,17 7,2,9,,17257,0,17 7,2,10,,17066,0,17 7,2,9,,17054,0,17 7,2,10,,17245,0,17 7,2,9,,17150,0,17 7,2,50,,17135,0,17 7,2,9,,17254,0,17 7,2,12,,17120,0,17 7,2
51003,'3',744,,17383,0,17 7,2,14,,17376,0,17 7,2,53,,17301,0,17 7,2,15,,17390,0,17 7,2,15,,17415,0,17 7,2,14,,17365,0,17 7,2,53,,17348,0,17 7,2,12,,17333,0,17 7,2,8,,17416,0,17 7,2,8,,17337,0,17 7,2,9,,17395,0,17 7,2,10,,17278,0,17 7,2,50,,17355,0,17 7,2,10,,17430,0,17 7,2,9,,17304,0,17 7,2,10,,17281,0,17 7,2,10,,17291,0,17 7,2,10,,17271,0,17 7,2,50,,17334,0,17 7,2,10,,17403,0,17 7,2,10,,17451,0,17 7,2,10,,17399,0,17 7,2,9,,17393,0,17 7,2,9,,17413,0,17 7,2,49,,7053,0,17 7,2,9,,17300,0,17 7,2,9,,17297,0,17 7,2,9,,17288,0,17 7,2,9,,17329,0,17 7,2,9,,17412,0,17 7,2,9,,17305,0,17 7,2,49,,17363,0,17 7,2,9,,17283,0,17 7,2,9,,17458,0,17 7,2,9,,17401,0,17 7,2,9,,17279,0,17 7,2,9,,17293,0,17 7,2,9,,17322,0,17 7,2,49,,17323,0,17 7,2,9,,17338,0,17 7,2,9,,17384,0,17 7,2,9,,17431,0,17 7,2,9,,17316,0,17 7,2,9,,17277,0,17 7,2,49,,17424,0,17 7,2,9,,17327,0,17 7,2,9,,17353,0,17 7,2,9,,17379,0,17 7,2,9,,17318,0,17 7,2,9,,17351,0,17 7,2,9,,17308,0,17 7,2,49,,17422,0,17 7,2,9,,17367,0,17 7,2,9,,17313,0,17 7,2,9,,17391,0,17 7,2,9,,17436,0,17 7,2,9,,17312,0,17 7,2,9,,17302,0,17 7,2,49,,17332,0,17 7,2,9,,17294,0,17 7,2,9,,17392,0,17 7,2,9,,7637,0,17 7,2,9,,17437,0,17 7,2,9,,17408,0,17 7,2,49,,17321,0,17 7,2,9,,17342,0,17 7,2,9,,17317,0,17 7,2,9,,17328,0,17 7,2,9,,17287,0,17 7,2,9,,17386,0,17 7,2,9,,17343,0,17 7,2,49,,17452,0,17 7,2,9,,17372,0,17 7,2,5,,17319,0,17 7,2,6,,17352,0,17 7,2,6,,17423,0,17 7,2,6,,17362,0,17 7,2,7,,17361,0,17 7,2,6,,17330,0,17 7,2,6,,17446,0,17 7,2,46,,17371,0,17 7,2,7,,17419,0,17 7,2,6,,17364,0,17 7,2,6,,17381,0,17 7,2,6,,17360,0,17 7,2,7,,17398,0,17 7,2,6,,17336,0,17 7,2,6,,17340,0,17 7,2,6,,17349,0,17 7,2,7,,8171,0,17 7,2,46,,17290,0,17 7,2,6,,17396,0,17 7,2,6,,17418,0,17 7,2,7,,8725,0,17 7,2,6,,17421,0,17 7,2,6,,17377,0,17 7,2,6,,17427,0,17 7,2,7,,17449,0,17 7,2,6,,1840,0,17 7,2,46,,17284,0,17 7,2,6,,17310,0,17 7,2,7,,17433,0,17 7,2,6,,17320,0,17 7,2,6,,17357,0,17 7,2,6,,17445,0,17 7,2,5,,17303,0,17 7,2,9,,17354,0,17 7,2,9,,17306,0,17 7,2,50,,17324,0,17 7,2,9,,17298,0,17 7,2,10,,17448,0,17 7,2,9,,17440,0,17 7,2,10,,17417,0,17 7,2,9,,17282,0,17 7,2,50,,17378,0,17 7,2,9,,17299,0,17 7,2,10,,17397,0,17 7,2,9,,17456,0,17 7,2,10,,9205,0,17 7,2,10,,17442,0,17 7,2,10,,49,0,17 7,2,51,,17388,0,17 7,2
51003,'5',525,,17539,0,17 7,2,16,,17466,0,17 7,2,15,,17596,0,17 7,2,55,,17511,0,17 7,2,15,,17586,0,17 7,2,15,,17525,0,17 7,2,15,,17523,0,17 7,2,55,,17499,0,17 7,2,15,,17588,0,17 7,2,15,,17475,0,17 7,2,15,,17530,0,17 7,2,55,,17516,0,17 7,2,15,,17485,0,17 7,2,15,,17534,0,17 7,2,14,,17662,0,17 7,2,53,,17618,0,17 7,2,12,,17665,0,17 7,2,8,,17513,0,17 7,2,8,,17517,0,17 7,2,9,,17558,0,17 7,2,10,,17646,0,17 7,2,50,,17562,0,17 7,2,10,,17474,0,17 7,2,9,,17557,0,17 7,2,10,,17648,0,17 7,2,10,,17546,0,17 7,2,10,,17638,0,17 7,2,50,,17570,0,17 7,2,10,,17666,0,17 7,2,10,,17608,0,17 7,2,10,,17576,0,17 7,2,9,,17573,0,17 7,2,9,,17493,0,17 7,2,49,,17623,0,17 7,2,9,,17641,0,17 7,2,9,,17504,0,17 7,2,9,,17629,0,17 7,2,9,,17496,0,17 7,2,9,,17614,0,17 7,2,9,,17658,0,17 7,2,49,,17600,0,17 7,2,9,,17597,0,17 7,2,9,,17593,0,17 7,2,9,,17622,0,17 7,2,9,,17645,0,17 7,2,9,,17663,0,17 7,2,9,,17603,0,17 7,2,49,,17582,0,17 7,2,9,,17606,0,17 7,2,9,,17564,0,17 7,2,9,,17611,0,17 7,2,9,,17626,0,17 7,2,9,,17495,0,17 7,2,49,,17470,0,17 7,2,9,,17598,0,17 7,2,9,,17657,0,17 7,2,9,,17572,0,17 7,2,9,,17628,0,17 7,2,9,,17649,0,17 7,2,9,,17515,0,17 7,2,49,,17497,0,17 7,2,9,,17463,0,17 7,2,9,,17636,0,17 7,2,9,,17609,0,17 7,2,9,,17613,0,17 7,2,9,,17550,0,17 7,2,9,,17471,0,17 7,2,49,,17654,0,17 7,2,9,,17619,0,17 7,2,9,,17617,0,17 7,2,9,,17542,0,17 7,2,9,,17605,0,17 7,2,9,,17551,0,17 7,2,49,,17632,0,17 7,2,9,,17647,0,17 7,2,9,,17631,0,17 7,2,9,,17498,0,17 7,2,9,,17555,0,17 7,2,9,,17518,0,17 7,2,9,,17472,0,17 7,2,49,,17500,0,17 7,2,9,,17633,0,17 7,2,5,,17587,0,17 7,2,6,,17569,0,17 7,2,6,,17612,0,17 7,2,6,,17507,0,17 7,2,7,,17604,0,17 7,2,6,,17520,0,17 7,2,6,,17537,0,17 7,2,46,,17590,0,17 7,2,7,,17621,0,17 7,2,6,,17482,0,17 7,2,6,,17541,0,17 7,2,6,,17548,0,17 7,2,7,,17535,0,17 7,2,6,,17655,0,17 7,2,6,,17592,0,17 7,2,6,,17461,0,17 7,2,7,,17552,0,17 7,2,46,,17653,0,17 7,2,6,,17651,0,17 7,2,6,,17549,0,17 7,2,7,,17644,0,17 7,2,6,,17464,0,17 7,2,6,,17505,0,17 7,2,6,,17459,0,17 7,2,7,,17571,0,17 7,2,6,,17585,0,17 7,2,46,,17563,0,17 7,2,6,,17536,0,17 7,2,7,,17526,0,17 7,2,6,,17486,0,17 7,2,6,,17532,0,17 7,2,6,,17468,0,17 7,2,5,,17580,0,17 7,2,9,,17462,0,17 7,2,9,,17601,0,17 7,2,50,,17538,0,17 7,2,9,,17469,0,17 7,2,10,,17509,0,17 7,2,9,,17545,0,17 7,2,10,,17529,0,17 7,2,9,,17643,0,17 7,2,50,,17524,0,17 7,2,9,,17544,0,17 7,2,10,,17637,0,17 7,2,9,,17560,0,17 7,2,10,,17484,0,17 7,2,10,,17561,0,17 7,2,10,,17547,0,17 7,2,51,,17490,0,17 7,2
51004,'1',520,,17715,4,,2,11,,17700,4,,2,5,,17691,4,,2,9,,17692,4,,2,9,,17864,4,,2,49,,17792,4,,2,9,,3323,4,,2,9,,17742,4,,2,9,,17876,4,,2,9,,17668,4,,2,9,,17802,4,,2,9,,17790,4,,2,49,,17831,4,,2,9,,17725,4,,2,9,,17800,4,,2,9,,17704,4,,2,8,,17671,4,,2,9,,17727,4,,2,50,,17677,4,,2,10,,17805,4,,2,10,,17734,4,,2,10,,17841,4,,2,9,,17680,4,,2,10,,17681,4,,2,10,,17822,4,,2,50,,17795,4,,2,10,,17856,4,,2,10,,17814,4,,2,10,,17748,4,,2,10,,17807,4,,2,10,,17863,4,,2,50,,17874,4,,2,10,,17737,4,,2,10,,17782,4,,2,10,,17721,4,,2,10,,17676,4,,2,10,,17880,4,,2,50,,17774,4,,2,10,,17837,4,,2,10,,17706,4,,2,10,,17689,4,,2,10,,17735,4,,2,10,,17845,4,,2,50,,17673,4,,2,10,,17684,4,,2,10,,17724,4,,2,10,,17705,4,,2,10,,17697,4,,2,10,,17813,4,,2,50,,17764,4,,2,10,,17695,4,,2,10,,17816,4,,2,10,,17861,4,,2,10,,17690,4,,2,10,,17825,4,,2,50,,17778,4,,2,10,,17794,4,,2,10,,17833,4,,2,10,,17823,4,,2,10,,17743,4,,2,10,,17707,4,,2,50,,17803,4,,2,11,,17717,4,,2,10,,17771,4,,2,10,,17793,4,,2,10,,17836,4,,2,50,,17855,4,,2,10,,17720,4,,2,10,,17773,4,,2,10,,17848,4,,2,10,,17750,4,,2,10,,17745,4,,2,50,,17711,4,,2,10,,17779,4,,2,10,,17731,4,,2,10,,17806,4,,2,10,,17747,4,,2,10,,17762,4,,2,50,,17756,4,,2,10,,17744,4,,2,10,,17776,4,,2,10,,17698,4,,2,10,,17870,4,,2,10,,17785,4,,2,51,,17847,4,,2,11,,17703,4,,2,10,,17839,4,,2,10,,17797,4,,2,11,,17846,4,,2,9,,7209,4,,2,50,,17780,4,,2,11,,17716,4,,2,10,,17709,4,,2,10,,17674,4,,2,10,,17768,4,,2,10,,17871,4,,2,50,,17696,4,,2,10,,17842,4,,2,10,,17849,4,,2,10,,17741,4,,2,10,,17804,4,,2,10,,17850,4,,2,50,,17718,4,,2,13,,17777,4,,2,10,,17760,4,,2,10,,17834,4,,2,10,,17678,4,,2,10,,17761,4,,2,46,,17751,4,,2,10,,17758,4,,2,9,,17738,4,,2,10,,17693,4,,2,9,,17699,4,,2,10,,17770,4,,2,9,,17851,4,,2,50,,17838,4,,2,9,,17879,4,,2,10,,17729,4,,2,9,,17832,4,,2,10,,17862,4,,2,9,,17860,4,,2,50,,17819,4,,2,9,,17775,4,,2,11,,17830,4,,2,10,,17866,4,,2,9,,17722,4,,2
51004,'2',525,,17962,4,,2,10,,17967,4,,2,9,,17948,4,,2,10,,18027,4,,2,49,,18016,4,,2,10,,18122,4,,2,9,,18069,4,,2,10,,17943,4,,2,9,,18017,4,,2,10,,17955,4,,2,49,,17888,4,,2,10,,18023,4,,2,9,,18067,4,,2,10,,17891,4,,2,9,,18092,4,,2,10,,17954,4,,2,9,,18022,4,,2,50,,17899,4,,2,9,,18066,4,,2,10,,18096,4,,2,9,,17990,4,,2,10,,17904,4,,2,9,,17953,4,,2,50,,18072,4,,2,12,,17951,4,,2,8,,17894,4,,2,9,,17939,4,,2,8,,18055,4,,2,9,,18124,4,,2,8,,17930,4,,2,49,,17978,4,,2,8,,18065,4,,2,9,,17924,4,,2,8,,18083,4,,2,9,,9107,4,,2,8,,3510,4,,2,9,,17969,4,,2,48,,18021,4,,2,9,,17905,4,,2,8,,18042,4,,2,9,,18018,4,,2,9,,18014,4,,2,8,,18034,4,,2,8,,17980,4,,2,48,,18045,4,,2,7,,18040,4,,2,8,,18006,4,,2,8,,17897,4,,2,8,,17926,4,,2,7,,18087,4,,2,8,,17976,4,,2,8,,17998,4,,2,48,,18015,4,,2,7,,17986,4,,2,8,,5633,4,,2,8,,17895,4,,2,8,,17991,4,,2,7,,18074,4,,2,8,,17987,4,,2,48,,18119,4,,2,8,,17921,4,,2,7,,18010,4,,2,8,,17912,4,,2,8,,18111,4,,2,8,,18091,4,,2,7,,18118,4,,2,8,,18077,4,,2,48,,17968,4,,2,8,,17997,4,,2,7,,17988,4,,2,8,,18109,4,,2,8,,17935,4,,2,8,,17900,4,,2,7,,18081,4,,2,8,,17907,4,,2,48,,18094,4,,2,8,,18036,4,,2,7,,17911,4,,2,8,,18026,4,,2,8,,17989,4,,2,8,,18115,4,,2,7,,18100,4,,2,8,,18030,4,,2,48,,18068,4,,2,8,,17908,4,,2,7,,18073,4,,2,8,,17961,4,,2,8,,18029,4,,2,8,,17910,4,,2,7,,18012,4,,2,48,,18000,4,,2,8,,17941,4,,2,8,,18037,4,,2,7,,17932,4,,2,8,,18086,4,,2,8,,17993,4,,2,7,,18078,4,,2,6,,17981,4,,2,2,,17944,4,,2,47,,18003,4,,2,6,,17975,4,,2,5,,17959,4,,2,5,,17964,4,,2,5,,17942,4,,2,6,,17965,4,,2,5,,18048,4,,2,5,,17982,4,,2,5,,18099,4,,2,6,,17914,4,,2,5,,18071,4,,2,45,,17995,4,,2,5,,18106,4,,2,6,,18041,4,,2,5,,17984,4,,2,5,,17940,4,,2,5,,17903,4,,2,6,,17937,4,,2,5,,18108,4,,2,5,,18085,4,,2,5,,18082,4,,2,6,,18101,4,,2,5,,17909,4,,2,45,,18080,4,,2,5,,17956,4,,2,6,,18035,4,,2,5,,18107,4,,2,5,,17887,4,,2,5,,17928,4,,2,6,,17886,4,,2,5,,17936,4,,2,5,,18070,4,,2,5,,18112,4,,2,6,,18110,4,,2,45,,18102,4,,2,5,,18020,4,,2,3,,17946,4,,2,11,,17945,4,,2,9,,18105,4,,2,9,,18028,4,,2,10,,18079,4,,2,9,,18059,4,,2,50,,18103,4,,2,9,,17958,4,,2,10,,17916,4,,2,9,,18008,4,,2,10,,18098,4,,2,9,,18104,4,,2,50,,17971,4,,2,9,,18032,4,,2,10,,17983,4,,2,9,,18033,4,,2,10,,18114,4,,2,9,,17920,4,,2,50,,17890,4,,2,9,,18117,4,,2,12,,17999,4,,2,10,,18004,4,,2,10,,18009,4,,2
51004,'3',811,,18135,4,,2,15,,18299,4,,2,15,,18305,4,,2,14,,18286,4,,2,53,,18276,4,,2,12,,18156,4,,2,8,,18191,4,,2,8,,18201,4,,2,9,,18280,4,,2,10,,18171,4,,2,50,,18211,4,,2,10,,18261,4,,2,9,,18242,4,,2,10,,18314,4,,2,10,,18182,4,,2,10,,18272,4,,2,50,,18287,4,,2,10,,18240,4,,2,10,,18142,4,,2,10,,18227,4,,2,9,,18128,4,,2,9,,18288,4,,2,49,,18298,4,,2,9,,18235,4,,2,9,,18225,4,,2,9,,18178,4,,2,9,,18267,4,,2,9,,18282,4,,2,9,,18304,4,,2,49,,18258,4,,2,9,,18198,4,,2,9,,18265,4,,2,9,,18209,4,,2,9,,18243,4,,2,9,,18302,4,,2,9,,18176,4,,2,49,,18139,4,,2,9,,18203,4,,2,9,,18259,4,,2,9,,18238,4,,2,9,,18214,4,,2,9,,18200,4,,2,49,,18256,4,,2,9,,18307,4,,2,9,,18126,4,,2,9,,18234,4,,2,9,,18232,4,,2,9,,18158,4,,2,9,,18236,4,,2,49,,18223,4,,2,9,,18186,4,,2,9,,18257,4,,2,9,,18199,4,,2,9,,18165,4,,2,9,,18293,4,,2,9,,18285,4,,2,49,,18279,4,,2,9,,18194,4,,2,9,,18264,4,,2,9,,18131,4,,2,9,,18313,4,,2,9,,18127,4,,2,49,,18233,4,,2,9,,18125,4,,2,9,,18230,4,,2,9,,18292,4,,2,9,,18255,4,,2,9,,18174,4,,2,9,,18295,4,,2,49,,18145,4,,2,9,,18168,4,,2,5,,18311,4,,2,6,,18245,4,,2,6,,18155,4,,2,6,,18187,4,,2,7,,18197,4,,2,6,,18205,4,,2,6,,18179,4,,2,46,,18268,4,,2,7,,18308,4,,2,6,,18147,4,,2,6,,18164,4,,2,6,,18163,4,,2,7,,18137,4,,2,6,,18300,4,,2,6,,18150,4,,2,6,,9226,4,,2,7,,18185,4,,2,46,,18253,4,,2,6,,18284,4,,2,6,,18260,4,,2,7,,18181,4,,2,6,,18252,4,,2,6,,18254,4,,2,6,,18184,4,,2,7,,18274,4,,2,6,,3102,4,,2,46,,18207,4,,2,6,,18250,4,,2,7,,18140,4,,2,6,,18291,4,,2,6,,18283,4,,2,6,,18144,4,,2,5,,18177,4,,2,9,,18212,4,,2,9,,18246,4,,2,50,,18275,4,,2,9,,18188,4,,2,10,,18249,4,,2,9,,18153,4,,2,10,,18129,4,,2,9,,18269,4,,2,50,,18220,4,,2,9,,18296,4,,2,10,,18192,4,,2,9,,18219,4,,2,10,,18206,4,,2,10,,2216,4,,2,10,,18216,4,,2,51,,18277,4,,2,10,,18208,4,,2,10,,18180,4,,2,10,,18224,4,,2
51004,'5',525,,18438,4,,2,16,,18321,4,,2,15,,18326,4,,2,55,,18521,4,,2,10,,18504,4,,2,20,,18494,4,,2,15,,18439,4,,2,55,,18492,4,,2,15,,18477,4,,2,15,,18480,4,,2,15,,18415,4,,2,55,,18516,4,,2,15,,18430,4,,2,15,,18446,4,,2,14,,18399,4,,2,53,,18394,4,,2,12,,18407,4,,2,8,,18367,4,,2,8,,18491,4,,2,9,,18342,4,,2,10,,18380,4,,2,50,,18442,4,,2,10,,18445,4,,2,9,,18408,4,,2,10,,18431,4,,2,10,,18464,4,,2,10,,18472,4,,2,50,,18358,4,,2,10,,18496,4,,2,10,,18470,4,,2,10,,18511,4,,2,9,,18514,4,,2,9,,18391,4,,2,49,,18501,4,,2,9,,18427,4,,2,9,,18482,4,,2,9,,18361,4,,2,9,,18420,4,,2,9,,18402,4,,2,9,,18401,4,,2,49,,18416,4,,2,9,,18387,4,,2,9,,18363,4,,2,9,,18412,4,,2,9,,18389,4,,2,9,,18318,4,,2,9,,18460,4,,2,49,,18356,4,,2,9,,18444,4,,2,9,,18411,4,,2,9,,18359,4,,2,9,,18333,4,,2,9,,18320,4,,2,49,,18505,4,,2,9,,18400,4,,2,9,,18469,4,,2,9,,18340,4,,2,9,,18414,4,,2,9,,18493,4,,2,9,,18379,4,,2,49,,18324,4,,2,9,,18457,4,,2,9,,18443,4,,2,9,,18478,4,,2,9,,18467,4,,2,9,,18388,4,,2,9,,18448,4,,2,49,,18453,4,,2,9,,18375,4,,2,9,,18417,4,,2,9,,18397,4,,2,9,,18366,4,,2,9,,18452,4,,2,49,,18465,4,,2,9,,18335,4,,2,9,,18336,4,,2,9,,18435,4,,2,9,,18398,4,,2,9,,18328,4,,2,9,,18513,4,,2,49,,18325,4,,2,9,,18476,4,,2,5,,18500,4,,2,6,,18331,4,,2,6,,18468,4,,2,6,,18384,4,,2,7,,18392,4,,2,6,,18520,4,,2,6,,18510,4,,2,46,,18390,4,,2,7,,18343,4,,2,6,,18322,4,,2,6,,18383,4,,2,6,,18403,4,,2,7,,18484,4,,2,6,,18488,4,,2,6,,18475,4,,2,6,,18454,4,,2,7,,18490,4,,2,46,,18422,4,,2,6,,18502,4,,2,6,,18334,4,,2,7,,18381,4,,2,6,,18503,4,,2,6,,18348,4,,2,6,,18423,4,,2,7,,18426,4,,2,6,,18506,4,,2,46,,18396,4,,2,6,,18428,4,,2,7,,18360,4,,2,6,,18351,4,,2,6,,18364,4,,2,6,,18497,4,,2,5,,18409,4,,2,9,,18518,4,,2,9,,18508,4,,2,50,,18451,4,,2,9,,18346,4,,2,10,,18441,4,,2,9,,18410,4,,2,10,,18345,4,,2,9,,18479,4,,2,50,,18404,4,,2,9,,18372,4,,2,10,,18350,4,,2,9,,18371,4,,2,10,,18332,4,,2,10,,18473,4,,2,10,,18341,4,,2,51,,18466,4,,2,10,,18317,4,,2,10,,18378,4,,2,10,,18369,4,,2
