30101,'1',2509,,25990,1,0,16 40,2,15,,25999,1,0,16 40,2,7,,26003,1,0,17,2,8,,25994,1,0,16 40,2,8,,25992,1,0,17,2,12,,25986,1,0,16 40,2,48,,25996,1,0,17,2,13,,26001,1,0,16 40,2,9,,26004,1,0,17,2,10,,25995,1,0,16 40,2,20,,26007,1,0,16 40,2,60,,25998,1,0,16 40,2,20,,26006,1,0,16 40,2,20,,26005,1,0,16 40,2,60,,25993,1,0,16 40,2,15,,25991,1,0,17,2,20,,25989,1,0,17,2,60,,25997,1,0,17,2,20,,25988,1,0,17,2,20,,26000,1,0,17,2
30101,'2',2513,,26016,1,0,16 40,2,10,,26024,1,0,17,2,10,,26017,1,0,16 40,2,20,,26015,1,0,16 40,2,5,,26013,1,0,17,2,45,,26023,1,0,17,2,10,,26019,1,0,16 40,2,10,,26018,1,0,17,2,10,,26021,1,0,16 40,2,20,,26020,1,0,16 40,2,60,,26010,1,0,16 40,2,20,,26012,1,0,16 40,2,20,,26022,1,0,16 40,2,64,,26009,1,0,16 40,2,13,,26014,1,0,17,2,20,,26008,1,0,17,2,51,,26011,1,0,17,2
30101,'3',2508,,26035,1,0,17,2,5,,26025,1,0,16 40,2,20,,26039,1,0,16 40,2,10,,26038,1,0,17,2,10,,26031,1,0,16 40,2,50,,26034,1,0,17,2,10,,26029,1,0,16 40,2,10,,26026,1,0,17,2,10,,26037,1,0,16 40,2,20,,26040,1,0,16 40,2,60,,26027,1,0,16 40,2,20,,26028,1,0,16 40,2,20,,26032,1,0,16 40,2,60,,26030,1,0,16 40,2,4,,26036,1,0,17,2,20,,26041,1,0,17,2,20,,26033,1,0,17,2
30101,'5',2508,,26053,1,0,17,2,5,,26047,1,0,16 40,2,20,,26050,1,0,16 40,2,10,,26049,1,0,17,2,10,,26057,1,0,16 40,2,50,,26054,1,0,17,2,10,,26048,1,0,16 40,2,10,,26056,1,0,17,2,10,,26044,1,0,16 40,2,20,,26042,1,0,16 40,2,60,,26055,1,0,16 40,2,20,,26051,1,0,16 40,2,20,,26043,1,0,16 40,2,60,,26046,1,0,16 40,2,4,,26052,1,0,17,2,20,,15770,1,0,17,2,20,,26045,1,0,17,2
30102,'1',2625,,26077,88,4,,2,10,,26059,88,4,,2,10,,26071,88,4,,2,65,,26064,88,4,,2,21,,26066,88,4,,2,9,,26079,88,4,,2,60,,26065,88,4,,2,20,,26075,88,4,,2,20,,26063,88,4,,2,60,,26073,88,4,,2,20,,26078,88,4,,2,20,,26060,88,4,,2
30102,'2',2649,,26087,88,4,,2,10,,26083,88,4,,2,48,,26097,88,4,,2,20,,26090,88,4,,2,25,,26100,88,4,,2,65,,26080,88,4,,2,20,,26088,88,4,,2,20,,26099,88,4,,2
30102,'3',2649,,26108,88,4,,2,10,,26121,88,4,,2,60,,26115,88,4,,2,18,,26112,88,4,,2,20,,26101,88,4,,2,60,,26110,88,4,,2,20,,26106,88,4,,2,20,,26102,88,4,,2
30102,'5',2649,,26140,88,4,,2,10,,26132,88,4,,2,60,,26138,88,4,,2,18,,26141,88,4,,2,20,,26129,88,4,,2,60,,26137,88,4,,2,20,,26125,88,4,,2,20,,26122,88,4,,2
50101,'1',2213,,27103,1,0,16 40,2,11,,27015,1,0,16 40,2,10,,5013,1,0,16 40,2,5,,27058,1,0,17,2,5,,27133,1,0,16 40,2,10,,27079,1,0,16 40,2,50,,27059,1,0,16 40,2,10,,27075,1,0,16 40,2,10,,27090,1,0,16 40,2,10,,27047,1,0,16 40,2,10,,27024,1,0,16 40,2,10,,27087,1,0,16 40,2,50,,27068,1,0,16 40,2,10,,27118,1,0,16 40,2,11,,27085,1,0,16 40,2,7,,27124,1,0,16 40,2,8,,27065,1,0,16 40,2,8,,27080,1,0,17,2,8,,27041,1,0,16 40,2
50101,'2',2203,,27161,1,0,16 40,2,10,,27234,1,0,16 40,2,10,,27215,1,0,16 40,2,10,,27269,1,0,16 40,2,10,,27170,1,0,16 40,2,10,,27232,1,0,16 40,2,50,,27151,1,0,16 40,2,10,,27169,1,0,16 40,2,10,,27206,1,0,16 40,2,10,,27179,1,0,16 40,2,10,,27244,1,0,16 40,2,10,,27146,1,0,16 40,2,50,,27189,1,0,16 40,2,10,,16643,1,0,16 40,2,10,,14855,1,0,16 40,2,10,,27256,1,0,16 40,2,12,,27214,1,0,16 40,2,8,,16018,1,0,17,2,5,,27156,1,0,16 40,2,47,,27236,1,0,17,2
50101,'3',2200,,27356,1,0,16 40,2,13,,27349,1,0,16 40,2,10,,27344,1,0,16 40,2,10,,27277,1,0,16 40,2,10,,27285,1,0,16 40,2,10,,27309,1,0,16 40,2,50,,27279,1,0,16 40,2,10,,27289,1,0,16 40,2,10,,27288,1,0,16 40,2,10,,27302,1,0,16 40,2,10,,27382,1,0,16 40,2,10,,27301,1,0,16 40,2,50,,27336,1,0,16 40,2,10,,27317,1,0,16 40,2,10,,27323,1,0,16 40,2,10,,27328,1,0,16 40,2,8,,27282,1,0,16 40,2,8,,27284,1,0,16 40,2,8,,27326,1,0,17,2
50101,'5',2200,,27498,1,0,16 40,2,13,,27427,1,0,16 40,2,10,,27471,1,0,16 40,2,10,,27457,1,0,16 40,2,10,,27421,1,0,16 40,2,10,,27516,1,0,16 40,2,50,,27423,1,0,16 40,2,10,,27458,1,0,16 40,2,10,,27477,1,0,16 40,2,10,,27469,1,0,16 40,2,10,,27455,1,0,16 40,2,10,,27456,1,0,16 40,2,50,,27435,1,0,16 40,2,10,,27450,1,0,16 40,2,10,,27526,1,0,16 40,2,10,,27407,1,0,16 40,2,8,,27470,1,0,16 40,2,8,,18551,1,0,16 40,2,8,,27485,1,0,17,2
50102,'1',2228,,27663,90,4,,2,12,,27640,90,4,,2,10,,27643,90,4,,2,9,,27635,90,4,,2,50,,27565,90,4,,2,10,,27542,90,4,,2,10,,27611,90,4,,2,9,,27563,90,4,,2,6,,27596,90,4,,2,4,,27631,90,4,,2,10,,27567,90,4,,2,57,,27618,90,4,,2,10,,27540,90,4,,2,10,,27617,90,4,,2,10,,27609,90,4,,2,10,,27558,90,4,,2,50,,27607,90,4,,2,10,,27547,90,4,,2,10,,27584,90,4,,2,10,,27647,90,4,,2,10,,27623,90,4,,2,10,,27581,90,4,,2,50,,27543,90,4,,2,15,,27616,90,4,,2
50102,'2',2220,,27692,90,4,,2,8,,27720,90,4,,2,10,,27699,90,4,,2,10,,27666,90,4,,2,10,,27691,90,4,,2,50,,27664,90,4,,2,10,,24128,90,4,,2,10,,27795,90,4,,2,10,,27769,90,4,,2,10,,27758,90,4,,2,10,,27704,90,4,,2,50,,27798,90,4,,2,10,,27775,90,4,,2,10,,27742,90,4,,2,10,,27753,90,4,,2,10,,27707,90,4,,2,10,,27800,90,4,,2,50,,27665,90,4,,2,10,,27796,90,4,,2,10,,27754,90,4,,2,10,,27706,90,4,,2,10,,27711,90,4,,2,10,,27717,90,4,,2,50,,27687,90,4,,2,10,,27723,90,4,,2,10,,27669,90,4,,2
50102,'3',2232,,27867,90,4,,2,10,,27865,90,4,,2,10,,27912,90,4,,2,50,,27848,90,4,,2,10,,27923,90,4,,2,10,,27882,90,4,,2,10,,27873,90,4,,2,10,,27864,90,4,,2,10,,27835,90,4,,2,50,,27898,90,4,,2,10,,27850,90,4,,2,10,,27852,90,4,,2,10,,27920,90,4,,2,10,,27917,90,4,,2,10,,27855,90,4,,2,50,,27868,90,4,,2,10,,27845,90,4,,2,10,,27828,90,4,,2,10,,27862,90,4,,2,10,,27832,90,4,,2,10,,27902,90,4,,2,50,,27859,90,4,,2,10,,27843,90,4,,2,10,,27814,90,4,,2
50102,'5',2232,,27953,90,4,,2,10,,28043,90,4,,2,10,,27947,90,4,,2,50,,27994,90,4,,2,10,,27936,90,4,,2,10,,27986,90,4,,2,10,,27933,90,4,,2,10,,28047,90,4,,2,10,,27997,90,4,,2,50,,28041,90,4,,2,10,,27960,90,4,,2,10,,27991,90,4,,2,10,,28014,90,4,,2,10,,27951,90,4,,2,10,,27934,90,4,,2,50,,28052,90,4,,2,10,,28015,90,4,,2,10,,28030,90,4,,2,10,,28029,90,4,,2,10,,28034,90,4,,2,10,,27957,90,4,,2,50,,27967,90,4,,2,10,,27945,90,4,,2,10,,27984,90,4,,2
50701,'1',500,,33543,1,0,30,2,13,,33572,1,0,30,2,10,,33584,1,0,30,2,10,,33495,1,0,30,2,10,,33554,1,0,30,2,10,,33504,1,0,30,2,50,,33503,1,0,30,2,10,,33522,1,0,30,2,10,,33514,1,0,30,2,10,,33573,1,0,30,2,10,,33550,1,0,30,2,10,,33488,1,0,30,2,50,,33538,1,0,30,2,10,,33517,1,0,30,2,10,,33516,1,0,30,2,10,,33491,1,0,30,2,10,,33537,1,0,30,2,10,,33549,1,0,30,2,50,,33565,1,0,30,2,10,,33493,1,0,30,2,10,,33585,1,0,30,2,10,,33508,1,0,30,2,10,,33515,1,0,30,2,10,,33520,1,0,30,2,50,,33529,1,0,30,2,10,,33567,1,0,30,2,10,,33583,1,0,30,2,10,,33546,1,0,30,2,10,,33534,1,0,30,2,10,,33509,1,0,30,2,50,,33547,1,0,30,2,10,,33533,1,0,30,2,10,,33558,1,0,30,2,10,,33536,1,0,30,2,10,,33519,1,0,30,2,10,,33570,1,0,30,2,50,,33545,1,0,30,2,10,,33527,1,0,30,2,10,,33555,1,0,30,2,10,,33505,1,0,30,2,10,,33489,1,0,30,2,10,,33528,1,0,30,2,50,,33552,1,0,30,2,10,,33492,1,0,30,2,10,,33566,1,0,30,2,10,,33575,1,0,30,2,10,,33535,1,0,30,2,10,,33574,1,0,30,2,50,,33532,1,0,30,2,10,,33561,1,0,30,2,10,,33501,1,0,30,2,10,,33496,1,0,30,2,10,,33578,1,0,30,2,10,,33531,1,0,30,2,50,,33510,1,0,30,2,10,,33556,1,0,30,2,10,,33581,1,0,30,2,10,,33589,1,0,30,2,10,,33563,1,0,30,2,10,,33576,1,0,30,2,50,,33513,1,0,30,2,10,,33506,1,0,30,2,10,,33521,1,0,30,2,10,,33564,1,0,30,2,10,,33582,1,0,30,2,10,,33512,1,0,30,2,50,,33498,1,0,30,2,10,,33568,1,0,30,2,10,,33540,1,0,30,2,10,,33530,1,0,30,2,10,,33551,1,0,30,2,10,,33526,1,0,30,2,50,,33541,1,0,30,2,10,,33579,1,0,30,2,10,,33587,1,0,30,2,10,,33588,1,0,30,2,10,,33548,1,0,30,2,10,,33500,1,0,30,2,50,,33577,1,0,30,2,10,,33553,1,0,30,2,10,,33523,1,0,30,2,10,,33569,1,0,30,2,10,,33562,1,0,30,2,10,,33497,1,0,30,2,50,,33490,1,0,30,2,10,,33559,1,0,30,2,10,,33486,1,0,30,2,10,,33511,1,0,30,2,10,,33544,1,0,30,2,10,,33542,1,0,30,2,50,,33557,1,0,30,2,10,,33499,1,0,30,2,10,,33571,1,0,30,2,10,,33539,1,0,30,2,10,,33487,1,0,30,2,10,,33525,1,0,30,2,50,,33580,1,0,30,2,10,,33502,1,0,30,2,10,,33560,1,0,30,2,10,,33518,1,0,30,2,10,,33586,1,0,30,2,10,,33524,1,0,30,2,50,,33507,1,0,30,2
50701,'2',500,,33663,1,0,30,2,17,,33674,1,0,30,2,15,,33671,1,0,30,2,10,,33655,1,0,30,2,10,,33630,1,0,30,2,50,,33595,1,0,30,2,10,,33605,1,0,30,2,10,,33648,1,0,30,2,10,,33665,1,0,30,2,10,,33643,1,0,30,2,10,,33635,1,0,30,2,50,,33641,1,0,30,2,10,,33596,1,0,30,2,10,,33657,1,0,30,2,10,,33612,1,0,30,2,10,,33615,1,0,30,2,10,,33642,1,0,30,2,50,,33689,1,0,30,2,10,,33670,1,0,30,2,10,,33619,1,0,30,2,10,,33659,1,0,30,2,10,,33636,1,0,30,2,10,,33632,1,0,30,2,50,,33590,1,0,30,2,10,,33640,1,0,30,2,10,,33677,1,0,30,2,10,,33666,1,0,30,2,10,,33613,1,0,30,2,10,,33629,1,0,30,2,50,,33622,1,0,30,2,10,,33672,1,0,30,2,10,,33610,1,0,30,2,10,,33647,1,0,30,2,10,,33680,1,0,30,2,10,,33664,1,0,30,2,50,,33624,1,0,30,2,10,,33687,1,0,30,2,10,,33669,1,0,30,2,10,,33646,1,0,30,2,10,,33684,1,0,30,2,10,,33603,1,0,30,2,50,,33688,1,0,30,2,10,,33668,1,0,30,2,10,,33627,1,0,30,2,10,,33649,1,0,30,2,10,,33601,1,0,30,2,10,,33607,1,0,30,2,50,,33618,1,0,30,2,10,,33638,1,0,30,2,10,,33623,1,0,30,2,10,,33625,1,0,30,2,10,,33667,1,0,30,2,10,,33685,1,0,30,2,50,,33651,1,0,30,2,10,,33639,1,0,30,2,10,,33620,1,0,30,2,10,,33598,1,0,30,2,10,,33650,1,0,30,2,10,,33621,1,0,30,2,50,,33602,1,0,30,2,10,,33637,1,0,30,2,10,,33686,1,0,30,2,10,,33675,1,0,30,2,10,,33683,1,0,30,2,10,,33634,1,0,30,2,50,,17373,1,0,30,2,10,,33600,1,0,30,2,10,,33628,1,0,30,2,10,,33591,1,0,30,2,10,,33616,1,0,30,2,10,,33626,1,0,30,2,50,,20280,1,0,30,2,10,,33656,1,0,30,2,10,,23493,1,0,30,2,10,,33644,1,0,30,2,10,,33662,1,0,30,2,10,,33593,1,0,30,2,50,,33606,1,0,30,2,10,,33682,1,0,30,2,10,,33673,1,0,30,2,10,,33681,1,0,30,2,10,,33608,1,0,30,2,10,,33653,1,0,30,2,50,,33660,1,0,30,2,10,,33645,1,0,30,2,10,,33633,1,0,30,2,11,,33679,1,0,30,2,9,,33676,1,0,30,2,10,,20219,1,0,30,2,50,,33631,1,0,30,2,10,,33661,1,0,30,2,10,,13239,1,0,30,2,10,,33599,1,0,30,2,10,,33654,1,0,30,2,10,,33597,1,0,30,2,50,,33652,1,0,30,2,10,,33592,1,0,30,2,10,,33617,1,0,30,2,10,,33604,1,0,30,2,10,,33614,1,0,30,2,10,,33611,1,0,30,2
50701,'3',500,,33707,1,0,30,2,18,,33727,1,0,30,2,15,,33699,1,0,30,2,12,,33701,1,0,30,2,12,,33743,1,0,30,2,52,,33712,1,0,30,2,12,,33704,1,0,30,2,12,,33709,1,0,30,2,12,,33692,1,0,30,2,12,,33718,1,0,30,2,52,,33710,1,0,30,2,12,,33786,1,0,30,2,12,,33729,1,0,30,2,12,,33700,1,0,30,2,12,,33751,1,0,30,2,52,,16202,1,0,30,2,12,,33722,1,0,30,2,12,,33769,1,0,30,2,12,,33693,1,0,30,2,12,,33768,1,0,30,2,50,,33782,1,0,30,2,10,,33777,1,0,30,2,10,,20367,1,0,30,2,10,,33690,1,0,30,2,10,,33724,1,0,30,2,10,,33754,1,0,30,2,50,,33745,1,0,30,2,10,,33747,1,0,30,2,10,,33739,1,0,30,2,10,,33721,1,0,30,2,10,,33775,1,0,30,2,10,,33702,1,0,30,2,50,,33788,1,0,30,2,10,,33772,1,0,30,2,10,,33698,1,0,30,2,10,,33760,1,0,30,2,10,,33719,1,0,30,2,10,,33717,1,0,30,2,50,,33731,1,0,30,2,10,,33705,1,0,30,2,10,,33737,1,0,30,2,10,,33703,1,0,30,2,10,,33730,1,0,30,2,10,,33715,1,0,30,2,50,,33741,1,0,30,2,10,,33773,1,0,30,2,10,,33714,1,0,30,2,10,,33740,1,0,30,2,10,,33774,1,0,30,2,10,,33726,1,0,30,2,50,,33748,1,0,30,2,10,,33720,1,0,30,2,10,,33766,1,0,30,2,10,,33696,1,0,30,2,10,,33778,1,0,30,2,10,,33738,1,0,30,2,50,,33780,1,0,30,2,10,,33779,1,0,30,2,10,,33735,1,0,30,2,10,,33763,1,0,30,2,10,,33762,1,0,30,2,10,,33728,1,0,30,2,50,,33770,1,0,30,2,10,,33734,1,0,30,2,10,,33771,1,0,30,2,10,,33753,1,0,30,2,10,,33691,1,0,30,2,10,,33781,1,0,30,2,50,,33784,1,0,30,2,10,,33756,1,0,30,2,10,,33758,1,0,30,2,10,,33761,1,0,30,2,10,,33742,1,0,30,2,10,,33713,1,0,30,2,48,,33767,1,0,30,2,10,,33694,1,0,30,2,10,,33708,1,0,30,2,10,,33765,1,0,30,2,10,,33757,1,0,30,2,10,,33776,1,0,30,2,50,,33787,1,0,30,2,10,,33750,1,0,30,2,10,,33695,1,0,30,2,10,,33755,1,0,30,2,10,,33749,1,0,30,2,10,,33736,1,0,30,2,50,,33716,1,0,30,2,10,,33785,1,0,30,2,10,,33783,1,0,30,2,10,,33764,1,0,30,2,10,,33752,1,0,30,2,10,,33706,1,0,30,2,50,,33746,1,0,30,2,10,,33744,1,0,30,2,10,,33732,1,0,30,2,10,,33733,1,0,30,2,10,,33711,1,0,30,2,10,,33759,1,0,30,2
50701,'5',500,,33818,1,0,30,2,18,,33862,1,0,30,2,15,,33854,1,0,30,2,12,,33847,1,0,30,2,12,,33866,1,0,30,2,52,,33832,1,0,30,2,12,,33857,1,0,30,2,12,,33802,1,0,30,2,12,,33873,1,0,30,2,12,,33793,1,0,30,2,52,,33815,1,0,30,2,12,,33876,1,0,30,2,12,,33830,1,0,30,2,12,,33822,1,0,30,2,12,,33846,1,0,30,2,52,,33865,1,0,30,2,12,,33817,1,0,30,2,12,,33844,1,0,30,2,12,,33823,1,0,30,2,12,,17693,1,0,30,2,50,,33863,1,0,30,2,10,,33885,1,0,30,2,10,,33856,1,0,30,2,10,,33790,1,0,30,2,10,,33804,1,0,30,2,10,,33796,1,0,30,2,50,,33831,1,0,30,2,10,,33829,1,0,30,2,10,,33883,1,0,30,2,10,,33809,1,0,30,2,10,,33838,1,0,30,2,10,,33851,1,0,30,2,50,,33855,1,0,30,2,10,,33840,1,0,30,2,10,,33868,1,0,30,2,10,,33849,1,0,30,2,10,,33827,1,0,30,2,10,,33834,1,0,30,2,50,,33872,1,0,30,2,10,,33803,1,0,30,2,10,,33811,1,0,30,2,10,,33791,1,0,30,2,10,,33845,1,0,30,2,10,,33860,1,0,30,2,50,,33864,1,0,30,2,10,,33835,1,0,30,2,10,,33836,1,0,30,2,10,,33797,1,0,30,2,10,,33858,1,0,30,2,10,,33816,1,0,30,2,50,,33881,1,0,30,2,10,,33880,1,0,30,2,10,,33820,1,0,30,2,10,,33842,1,0,30,2,10,,33843,1,0,30,2,10,,33801,1,0,30,2,50,,33837,1,0,30,2,10,,33875,1,0,30,2,10,,33805,1,0,30,2,10,,33841,1,0,30,2,10,,33871,1,0,30,2,10,,33867,1,0,30,2,50,,33799,1,0,30,2,10,,33819,1,0,30,2,10,,33850,1,0,30,2,10,,25840,1,0,30,2,10,,33886,1,0,30,2,10,,33826,1,0,30,2,50,,20023,1,0,30,2,10,,33848,1,0,30,2,10,,33853,1,0,30,2,10,,33808,1,0,30,2,10,,33800,1,0,30,2,10,,33807,1,0,30,2,48,,33884,1,0,30,2,10,,33870,1,0,30,2,10,,33798,1,0,30,2,10,,33810,1,0,30,2,10,,33879,1,0,30,2,10,,33792,1,0,30,2,50,,33859,1,0,30,2,10,,33861,1,0,30,2,10,,33828,1,0,30,2,10,,33814,1,0,30,2,10,,33869,1,0,30,2,10,,33813,1,0,30,2,50,,33795,1,0,30,2,10,,33821,1,0,30,2,10,,33839,1,0,30,2,10,,33825,1,0,30,2,10,,33877,1,0,30,2,10,,33874,1,0,30,2,50,,33789,1,0,30,2,10,,33882,1,0,30,2,10,,33833,1,0,30,2,10,,33806,1,0,30,2,10,,33852,1,0,30,2,10,,33812,1,0,30,2
50702,'1',500,,33986,26,4,,2,13,,33980,26,4,,2,6,,24678,26,4,,2,5,,33990,26,4,,2,12,,33958,26,4,,2,12,,33917,26,4,,2,5,,33957,26,4,,2,54,,33930,26,4,,2,8,,33908,26,4,,2,10,,33993,26,4,,2,15,,33938,26,4,,2,9,,33924,26,4,,2,5,,33907,26,4,,2,52,,33969,26,4,,2,12,,33954,26,4,,2,10,,33894,26,4,,2,10,,33897,26,4,,2,10,,33942,26,4,,2,10,,33931,26,4,,2,50,,33913,26,4,,2,10,,33988,26,4,,2,10,,33947,26,4,,2,10,,33898,26,4,,2,10,,33977,26,4,,2,10,,33925,26,4,,2,50,,33970,26,4,,2,10,,33909,26,4,,2,9,,33968,26,4,,2,8,,33926,26,4,,2,10,,17793,26,4,,2,10,,33927,26,4,,2,50,,33973,26,4,,2,10,,33983,26,4,,2,10,,33889,26,4,,2,10,,33940,26,4,,2,10,,33956,26,4,,2,10,,33918,26,4,,2,50,,33996,26,4,,2,10,,33959,26,4,,2,10,,33935,26,4,,2,10,,33987,26,4,,2,10,,33991,26,4,,2,10,,33948,26,4,,2,50,,33900,26,4,,2,10,,33943,26,4,,2,10,,33888,26,4,,2,10,,33975,26,4,,2,10,,33901,26,4,,2,10,,33893,26,4,,2,50,,33981,26,4,,2,10,,33932,26,4,,2,10,,33929,26,4,,2,10,,33895,26,4,,2,10,,33965,26,4,,2,10,,33974,26,4,,2,50,,33971,26,4,,2,10,,33945,26,4,,2,10,,33921,26,4,,2,10,,33964,26,4,,2,10,,33960,26,4,,2,10,,33891,26,4,,2,50,,33985,26,4,,2,11,,33939,26,4,,2,11,,33910,26,4,,2,11,,33955,26,4,,2,10,,33989,26,4,,2,10,,33899,26,4,,2,50,,33920,26,4,,2,10,,33950,26,4,,2,10,,33937,26,4,,2,10,,33976,26,4,,2,10,,33966,26,4,,2,10,,33972,26,4,,2,50,,33916,26,4,,2,10,,33946,26,4,,2,10,,33994,26,4,,2,10,,33979,26,4,,2,10,,33903,26,4,,2,10,,33951,26,4,,2,50,,33967,26,4,,2,10,,33919,26,4,,2,10,,33887,26,4,,2,10,,33949,26,4,,2,10,,33992,26,4,,2,8,,33911,26,4,,2,47,,33904,26,4,,2,10,,33936,26,4,,2,11,,33890,26,4,,2,11,,33902,26,4,,2,11,,33928,26,4,,2,10,,33915,26,4,,2,50,,33914,26,4,,2,10,,33995,26,4,,2,10,,33984,26,4,,2,10,,33953,26,4,,2,10,,20107,26,4,,2,10,,33944,26,4,,2,50,,33961,26,4,,2,10,,33963,26,4,,2,10,,33982,26,4,,2,10,,33912,26,4,,2,10,,33941,26,4,,2,10,,33906,26,4,,2,50,,25294,26,4,,2,10,,33923,26,4,,2,10,,33934,26,4,,2
50702,'2',458,,34030,26,4,,2,57,,34090,26,4,,2,10,,34009,26,4,,2,10,,34057,26,4,,2,10,,34018,26,4,,2,10,,34026,26,4,,2,57,,34001,26,4,,2,3,,34046,26,4,,2,10,,34017,26,4,,2,10,,34010,26,4,,2,10,,34006,26,4,,2,10,,34051,26,4,,2,50,,34061,26,4,,2,10,,34079,26,4,,2,10,,34096,26,4,,2,10,,34080,26,4,,2,10,,34028,26,4,,2,10,,34066,26,4,,2,51,,34033,26,4,,2,10,,33999,26,4,,2,11,,34003,26,4,,2,11,,34094,26,4,,2,10,,34052,26,4,,2,10,,11004,26,4,,2,50,,34099,26,4,,2,10,,34038,26,4,,2,11,,34069,26,4,,2,10,,34000,26,4,,2,9,,34037,26,4,,2,10,,34049,26,4,,2,50,,34060,26,4,,2,10,,34065,26,4,,2,10,,34077,26,4,,2,10,,34063,26,4,,2,10,,34013,26,4,,2,10,,34104,26,4,,2,50,,34056,26,4,,2,10,,34054,26,4,,2,10,,34075,26,4,,2,10,,34022,26,4,,2,10,,34048,26,4,,2,10,,34086,26,4,,2,50,,34078,26,4,,2,10,,34102,26,4,,2,10,,34093,26,4,,2,10,,34100,26,4,,2,10,,34062,26,4,,2,10,,34101,26,4,,2,50,,34076,26,4,,2,10,,34019,26,4,,2,10,,34064,26,4,,2,10,,34092,26,4,,2,10,,34059,26,4,,2,10,,17357,26,4,,2,50,,34029,26,4,,2,10,,34012,26,4,,2,10,,34067,26,4,,2,10,,34004,26,4,,2,10,,34087,26,4,,2,10,,34070,26,4,,2,50,,34068,26,4,,2,10,,34044,26,4,,2,10,,34098,26,4,,2,10,,34091,26,4,,2,10,,34035,26,4,,2,10,,34032,26,4,,2,50,,34023,26,4,,2,10,,34008,26,4,,2,10,,34045,26,4,,2,10,,34007,26,4,,2,10,,34016,26,4,,2,10,,34074,26,4,,2,50,,34042,26,4,,2,10,,34015,26,4,,2,10,,18075,26,4,,2,10,,34081,26,4,,2,10,,34034,26,4,,2,10,,34050,26,4,,2,50,,34039,26,4,,2,10,,34097,26,4,,2,10,,33998,26,4,,2,10,,34041,26,4,,2,10,,34021,26,4,,2,10,,33997,26,4,,2,50,,34014,26,4,,2,10,,34024,26,4,,2,11,,34043,26,4,,2,12,,34088,26,4,,2,9,,34084,26,4,,2,9,,34073,26,4,,2,50,,34058,26,4,,2,10,,34027,26,4,,2,10,,34020,26,4,,2,10,,34072,26,4,,2,10,,34025,26,4,,2,10,,34005,26,4,,2,50,,34095,26,4,,2,10,,34047,26,4,,2,10,,34011,26,4,,2,10,,34083,26,4,,2,10,,34002,26,4,,2,10,,34031,26,4,,2,50,,34085,26,4,,2,10,,34103,26,4,,2
50702,'3',457,,34183,26,4,,2,57,,34184,26,4,,2,12,,34108,26,4,,2,12,,34142,26,4,,2,12,,34116,26,4,,2,52,,34168,26,4,,2,12,,34192,26,4,,2,12,,34175,26,4,,2,12,,34138,26,4,,2,12,,34134,26,4,,2,52,,34210,26,4,,2,12,,34153,26,4,,2,12,,34207,26,4,,2,12,,34135,26,4,,2,12,,34195,26,4,,2,52,,34204,26,4,,2,12,,34188,26,4,,2,12,,34115,26,4,,2,12,,34166,26,4,,2,12,,23682,26,4,,2,52,,34167,26,4,,2,12,,34163,26,4,,2,7,,34131,26,4,,2,6,,34128,26,4,,2,10,,34199,26,4,,2,10,,34146,26,4,,2,10,,34190,26,4,,2,50,,34178,26,4,,2,11,,34177,26,4,,2,12,,34196,26,4,,2,12,,34106,26,4,,2,10,,34137,26,4,,2,50,,34136,26,4,,2,10,,34198,26,4,,2,10,,34117,26,4,,2,12,,34159,26,4,,2,10,,34169,26,4,,2,10,,34164,26,4,,2,50,,34182,26,4,,2,10,,34197,26,4,,2,10,,34179,26,4,,2,10,,34109,26,4,,2,10,,34150,26,4,,2,10,,34194,26,4,,2,50,,34111,26,4,,2,10,,34157,26,4,,2,10,,34208,26,4,,2,10,,34125,26,4,,2,10,,34185,26,4,,2,10,,34165,26,4,,2,50,,34180,26,4,,2,10,,34129,26,4,,2,10,,34187,26,4,,2,10,,34176,26,4,,2,10,,34114,26,4,,2,10,,34171,26,4,,2,50,,34172,26,4,,2,10,,34154,26,4,,2,10,,34211,26,4,,2,10,,34132,26,4,,2,10,,34120,26,4,,2,10,,34121,26,4,,2,50,,34118,26,4,,2,10,,34127,26,4,,2,10,,34158,26,4,,2,10,,34173,26,4,,2,10,,34162,26,4,,2,10,,34105,26,4,,2,50,,34139,26,4,,2,10,,34200,26,4,,2,10,,34149,26,4,,2,10,,34122,26,4,,2,10,,34110,26,4,,2,10,,34206,26,4,,2,50,,34123,26,4,,2,10,,34189,26,4,,2,7,,34151,26,4,,2,9,,34209,26,4,,2,10,,34201,26,4,,2,10,,34119,26,4,,2,50,,34156,26,4,,2,10,,34141,26,4,,2,10,,34133,26,4,,2,10,,34107,26,4,,2,10,,34130,26,4,,2,10,,34161,26,4,,2,50,,34186,26,4,,2,10,,34126,26,4,,2,10,,34145,26,4,,2,10,,34205,26,4,,2,10,,13015,26,4,,2,10,,34160,26,4,,2,50,,34124,26,4,,2,10,,34181,26,4,,2,10,,34193,26,4,,2,10,,34148,26,4,,2,10,,34174,26,4,,2,10,,34147,26,4,,2,50,,34143,26,4,,2,10,,34113,26,4,,2,10,,34140,26,4,,2,10,,34202,26,4,,2
50702,'5',457,,34240,26,4,,2,57,,34278,26,4,,2,12,,34287,26,4,,2,12,,34242,26,4,,2,12,,34220,26,4,,2,52,,34264,26,4,,2,12,,34291,26,4,,2,12,,34247,26,4,,2,12,,34315,26,4,,2,12,,21500,26,4,,2,52,,34261,26,4,,2,12,,34310,26,4,,2,12,,34284,26,4,,2,12,,34267,26,4,,2,12,,34260,26,4,,2,52,,34254,26,4,,2,12,,34263,26,4,,2,12,,34302,26,4,,2,12,,34228,26,4,,2,12,,34253,26,4,,2,52,,34241,26,4,,2,12,,34226,26,4,,2,7,,34280,26,4,,2,6,,34224,26,4,,2,10,,34270,26,4,,2,10,,34236,26,4,,2,10,,34265,26,4,,2,50,,34290,26,4,,2,11,,34229,26,4,,2,12,,34311,26,4,,2,12,,34273,26,4,,2,10,,34307,26,4,,2,50,,34239,26,4,,2,10,,34271,26,4,,2,10,,34279,26,4,,2,12,,34218,26,4,,2,10,,34234,26,4,,2,10,,34233,26,4,,2,50,,34316,26,4,,2,10,,34300,26,4,,2,10,,34297,26,4,,2,10,,34314,26,4,,2,10,,34259,26,4,,2,10,,34251,26,4,,2,50,,34299,26,4,,2,10,,34269,26,4,,2,10,,34249,26,4,,2,10,,34214,26,4,,2,10,,34243,26,4,,2,10,,34245,26,4,,2,50,,34231,26,4,,2,10,,34313,26,4,,2,10,,34237,26,4,,2,10,,34222,26,4,,2,10,,34304,26,4,,2,10,,34266,26,4,,2,50,,34289,26,4,,2,10,,34317,26,4,,2,10,,34292,26,4,,2,10,,34268,26,4,,2,10,,34276,26,4,,2,10,,34282,26,4,,2,50,,34309,26,4,,2,10,,34238,26,4,,2,10,,34295,26,4,,2,10,,34258,26,4,,2,10,,34305,26,4,,2,10,,34272,26,4,,2,50,,34283,26,4,,2,10,,34298,26,4,,2,10,,34230,26,4,,2,10,,34235,26,4,,2,10,,34219,26,4,,2,10,,34306,26,4,,2,50,,34286,26,4,,2,10,,34319,26,4,,2,7,,34215,26,4,,2,9,,34250,26,4,,2,10,,34257,26,4,,2,10,,34285,26,4,,2,50,,34296,26,4,,2,10,,34293,26,4,,2,10,,34216,26,4,,2,10,,34312,26,4,,2,10,,34318,26,4,,2,10,,34281,26,4,,2,50,,34225,26,4,,2,10,,34308,26,4,,2,10,,34221,26,4,,2,10,,34217,26,4,,2,10,,34262,26,4,,2,10,,34303,26,4,,2,50,,34274,26,4,,2,10,,34256,26,4,,2,10,,34294,26,4,,2,10,,34252,26,4,,2,10,,34227,26,4,,2,10,,34248,26,4,,2,50,,34301,26,4,,2,10,,34275,26,4,,2,10,,34223,26,4,,2,10,,34232,26,4,,2
50801,'1',646,,34332,1,0,43 44 3 45,2,60,,34326,1,0,43 44 3 45,2,18,,34329,1,0,43 44 3 45,2,20,,34321,1,0,43 44 3 45,2,60,,34324,1,0,43 44 3 45,2,996,,34331,1,0,17,2,20,,34335,1,0,17,2,20,,34327,1,0,17,2,60,,34322,1,0,17,2,20,,34325,1,0,17,2
50802,'1',646,,34347,33,4,,2,60,,34345,33,4,,2,18,,34341,33,4,,2,20,,34339,33,4,,2,60,,34349,33,4,,2,954,,34348,62,4,,2,60,,34350,62,4,,2,20,,34346,62,4,,2,20,,34344,62,4,,2,60,,34340,62,4,,2
