'1',30401,264200,4,'',2,1000,4,'',2,6000,4,'',2,3000,4,'',2,7000,4,'',2,3000,4,'',2,7000,4,'',2
'1',30402,261000,0,'Bathurst',2,2000,0,'Bathurst',2,1500,0,'Bathurst',2,7000,0,'Bathurst',2,3000,0,'Bathurst',2,7000,0,'Bathurst',2,3000,0,'Bathurst',2
'2',30401,264200,4,'',2,1000,4,'',2,6000,4,'',2,3000,4,'',2,7000,4,'',2,3000,4,'',2,7000,4,'',2
'2',30402,261000,0,'Bathurst',2,2000,0,'Bathurst',2,1500,0,'Bathurst',2,7000,0,'Bathurst',2,3000,0,'Bathurst',2,7000,0,'Bathurst',2,3000,0,'Bathurst',2
'3',30401,264500,4,'',2,6700,4,'',2,3000,4,'',2,7000,4,'',2,3000,4,'',2,7000,4,'',2
'3',30402,261000,0,'Bathurst',2,1500,0,'Bathurst',2,2000,0,'Bathurst',2,7000,0,'Bathurst',2,3000,0,'Bathurst',2,7000,0,'Bathurst',2,3000,0,'Bathurst',2
'4',30401,263200,4,'',2,1000,4,'',2,1000,4,'',2,5500,4,'',2,1500,4,'',2,3000,4,'',2,7000,4,'',2,3000,4,'',2,7000,4,'',2
'4',30402,262500,0,'Bathurst',2,3000,0,'Bathurst',2,7000,0,'Bathurst',2,3000,0,'Bathurst',2,7000,0,'Bathurst',2,3000,0,'Bathurst',2
'1',30602,44650,0,'',2,6900,0,'',2,13400,0,'',2,187900,0,'High Pk',2,2000,0,'High Pk',2,6000,0,'High Pk',2,2000,0,'High Pk',2,2000,0,'High Pk',2,6000,0,'High Pk',2,2000,0,'High Pk',2,2000,0,'High Pk',2,6000,0,'High Pk',2,2000,0,'High Pk',2
'2',30602,253550,0,'High Pk',2,1500,0,'High Pk',2,6000,0,'High Pk',2,2000,0,'High Pk',2,2000,0,'High Pk',2,6000,0,'High Pk',2,2000,0,'High Pk',2,2000,0,'High Pk',2,6000,0,'High Pk',2
'3',30602,254050,0,'High Pk',2,1800,0,'High Pk',2,6000,0,'High Pk',2,2000,0,'High Pk',2,2000,0,'High Pk',2,6000,0,'High Pk',2,2000,0,'High Pk',2,2000,0,'High Pk',2,6000,0,'High Pk',2,2000,0,'High Pk',2,2000,0,'High Pk',2,6000,0,'High Pk',2
'4',30602,253850,0,'High Pk',2,2000,0,'High Pk',2,6000,0,'High Pk',2,2600,0,'High Pk',2,1400,0,'High Pk',2,6000,0,'High Pk',2,2000,0,'High Pk',2,2000,0,'High Pk',2,6000,0,'High Pk',2,2000,0,'High Pk',2,2000,0,'High Pk',2
'1',50401,53600,4,'',2,1000,4,'',2,1000,4,'',2,5000,4,'',2,1000,4,'',2,1000,4,'',2,1000,4,'',2,1000,4,'',2,1000,4,'',2,5000,4,'',2,1000,4,'',2,1000,4,'',2,1000,4,'',2,1000,4,'',2,1000,4,'',2,5000,4,'',2,1200,4,'',2,1300,4,'',2,1000,4,'',2,1000,4,'',2,5000,4,'',2,1000,4,'',2,1000,4,'',2,1000,4,'',2,1000,4,'',2,1000,4,'',2,5000,4,'',2,1000,4,'',2,1000,4,'',2,1000,4,'',2,1000,4,'',2,1000,4,'',2,5000,4,'',2,1000,4,'',2,1000,4,'',2,1000,4,'',2,1000,4,'',2,1000,4,'',2,5000,4,'',2,1000,4,'',2,1000,4,'',2,700,4,'',2,300,4,'',2,300,4,'',2,900,4,'',2,300,4,'',2,500,4,'',2,500,4,'',2,4500,4,'',2,500,4,'',2,500,4,'',2,500,4,'',2,500,4,'',2,500,4,'',2,500,4,'',2,500,4,'',2,500,4,'',2,500,4,'',2,500,4,'',2,500,4,'',2,4500,4,'',2,500,4,'',2,500,4,'',2,500,4,'',2,500,4,'',2,500,4,'',2,500,4,'',2,500,4,'',2,500,4,'',2,500,4,'',2,500,4,'',2,500,4,'',2,4500,4,'',2,500,4,'',2,500,4,'',2,500,4,'',2,500,4,'',2,500,4,'',2,500,4,'',2,500,4,'',2,500,4,'',2,500,4,'',2,500,4,'',2,500,4,'',2,4500,4,'',2,500,4,'',2,500,4,'',2,500,4,'',2,500,4,'',2,500,4,'',2,500,4,'',2,500,4,'',2,500,4,'',2,500,4,'',2,500,4,'',2,500,4,'',2,4500,4,'',2,500,4,'',2,500,4,'',2,500,4,'',2,500,4,'',2,500,4,'',2,500,4,'',2,500,4,'',2,500,4,'',2,500,4,'',2,500,4,'',2,500,4,'',2,4500,4,'',2,500,4,'',2,500,4,'',2,500,4,'',2,500,4,'',2,500,4,'',2,500,4,'',2,500,4,'',2,500,4,'',2,500,4,'',2,500,4,'',2,500,4,'',2,4500,4,'',2,500,4,'',2,500,4,'',2,500,4,'',2,500,4,'',2,300,4,'',2,600,4,'',2,1000,4,'',2,1000,4,'',2,5000,4,'',2,1000,4,'',2,1000,4,'',2,1000,4,'',2,1000,4,'',2,1000,4,'',2,5000,4,'',2,1000,4,'',2,1000,4,'',2,1000,4,'',2,1000,4,'',2,1000,4,'',2,700,4,'',2,4300,4,'',2,1000,4,'',2,1000,4,'',2,1000,4,'',2,700,4,'',2,1000,4,'',2,1000,4,'',2,5000,4,'',2,1000,4,'',2,1000,4,'',2,1000,4,'',2,1000,4,'',2,1000,4,'',2,5000,4,'',2,1000,4,'',2,1000,4,'',2,1000,4,'',2,1000,4,'',2,1000,4,'',2,5000,4,'',2,1000,4,'',2,1000,4,'',2,1000,4,'',2,1000,4,'',2,1000,4,'',2,5000,4,'',2,1000,4,'',2,1000,4,'',2,1000,4,'',2
'1',50402,50100,0,'Bathurst',2,1000,0,'Bathurst',2,1000,0,'Bathurst',2,1000,0,'Bathurst',2,1000,0,'Bathurst',2,1000,0,'Bathurst',2,5000,0,'Bathurst',2,1000,0,'Bathurst',2,1000,0,'Bathurst',2,1000,0,'Bathurst',2,1000,0,'Bathurst',2,1000,0,'Bathurst',2,5000,0,'Bathurst',2,1000,0,'Bathurst',2,1000,0,'Bathurst',2,1000,0,'Bathurst',2,1000,0,'Bathurst',2,900,0,'Bathurst',2,700,0,'Bathurst',2,4900,0,'Bathurst',2,1000,0,'Bathurst',2,1000,0,'Bathurst',2,1000,0,'Bathurst',2,1000,0,'Bathurst',2,1000,0,'Bathurst',2,5000,0,'Bathurst',2,1000,0,'Bathurst',2,1000,0,'Bathurst',2,1000,0,'Bathurst',2,1000,0,'Bathurst',2,1000,0,'Bathurst',2,5000,0,'Bathurst',2,1000,0,'Bathurst',2,1000,0,'Bathurst',2,1000,0,'Bathurst',2,1000,0,'Bathurst',2,1000,0,'Bathurst',2,5000,0,'Bathurst',2,1000,0,'Bathurst',2,1000,0,'Bathurst',2,1000,0,'Bathurst',2,1000,0,'Bathurst',2,1000,0,'Bathurst',2,4800,0,'Bathurst',2,1000,0,'Bathurst',2,700,0,'Bathurst',2,500,0,'Bathurst',2,500,0,'Bathurst',2,500,0,'Bathurst',2,500,0,'Bathurst',2,500,0,'Bathurst',2,500,0,'Bathurst',2,500,0,'Bathurst',2,4500,0,'Bathurst',2,500,0,'Bathurst',2,500,0,'Bathurst',2,500,0,'Bathurst',2,500,0,'Bathurst',2,500,0,'Bathurst',2,500,0,'Bathurst',2,500,0,'Bathurst',2,500,0,'Bathurst',2,500,0,'Bathurst',2,500,0,'Bathurst',2,500,0,'Bathurst',2,4500,0,'Bathurst',2,500,0,'Bathurst',2,500,0,'Bathurst',2,500,0,'Bathurst',2,500,0,'Bathurst',2,500,0,'Bathurst',2,500,0,'Bathurst',2,500,0,'Bathurst',2,500,0,'Bathurst',2,500,0,'Bathurst',2,500,0,'Bathurst',2,500,0,'Bathurst',2,4500,0,'Bathurst',2,500,0,'Bathurst',2,500,0,'Bathurst',2,500,0,'Bathurst',2,500,0,'Bathurst',2,500,0,'Bathurst',2,500,0,'Bathurst',2,500,0,'Bathurst',2,500,0,'Bathurst',2,500,0,'Bathurst',2,500,0,'Bathurst',2,500,0,'Bathurst',2,4500,0,'Bathurst',2,500,0,'Bathurst',2,500,0,'Bathurst',2,500,0,'Bathurst',2,500,0,'Bathurst',2,500,0,'Bathurst',2,500,0,'Bathurst',2,500,0,'Bathurst',2,500,0,'Bathurst',2,500,0,'Bathurst',2,500,0,'Bathurst',2,500,0,'Bathurst',2,4500,0,'Bathurst',2,500,0,'Bathurst',2,500,0,'Bathurst',2,500,0,'Bathurst',2,500,0,'Bathurst',2,500,0,'Bathurst',2,500,0,'Bathurst',2,500,0,'Bathurst',2,500,0,'Bathurst',2,500,0,'Bathurst',2,500,0,'Bathurst',2,500,0,'Bathurst',2,4500,0,'Bathurst',2,500,0,'Bathurst',2,500,0,'Bathurst',2,500,0,'Bathurst',2,500,0,'Bathurst',2,500,0,'Bathurst',2,500,0,'Bathurst',2,500,0,'Bathurst',2,500,0,'Bathurst',2,500,0,'Bathurst',2,500,0,'Bathurst',2,200,0,'Bathurst',2,4800,0,'Bathurst',2,500,0,'Bathurst',2,600,0,'Bathurst',2,1000,0,'Bathurst',2,1000,0,'Bathurst',2,1000,0,'Bathurst',2,1000,0,'Bathurst',2,5000,0,'Bathurst',2,1000,0,'Bathurst',2,1000,0,'Bathurst',2,1000,0,'Bathurst',2,1000,0,'Bathurst',2,1000,0,'Bathurst',2,5000,0,'Bathurst',2,1000,0,'Bathurst',2,1000,0,'Bathurst',2,1000,0,'Bathurst',2,1000,0,'Bathurst',2,1000,0,'Bathurst',2,500,0,'Bathurst',2,4500,0,'Bathurst',2,1000,0,'Bathurst',2,1000,0,'Bathurst',2,1000,0,'Bathurst',2,1000,0,'Bathurst',2,1000,0,'Bathurst',2,5000,0,'Bathurst',2,1000,0,'Bathurst',2,1000,0,'Bathurst',2,1000,0,'Bathurst',2,1000,0,'Bathurst',2,1000,0,'Bathurst',2,5000,0,'Bathurst',2,1000,0,'Bathurst',2,1000,0,'Bathurst',2,1000,0,'Bathurst',2,1000,0,'Bathurst',2,1000,0,'Bathurst',2,5000,0,'Bathurst',2,1000,0,'Bathurst',2,1000,0,'Bathurst',2,1000,0,'Bathurst',2,1000,0,'Bathurst',2,1300,0,'Bathurst',2
'2',50401,53600,4,'',2,1000,4,'',2,1000,4,'',2,5000,4,'',2,1000,4,'',2,1000,4,'',2,1000,4,'',2,1000,4,'',2,1000,4,'',2,5000,4,'',2,1000,4,'',2,1000,4,'',2,1000,4,'',2,1000,4,'',2,1000,4,'',2,5000,4,'',2,1200,4,'',2,1300,4,'',2,1000,4,'',2,1000,4,'',2,5000,4,'',2,1000,4,'',2,1000,4,'',2,1000,4,'',2,1000,4,'',2,1000,4,'',2,5000,4,'',2,1000,4,'',2,1000,4,'',2,1000,4,'',2,1000,4,'',2,1000,4,'',2,5000,4,'',2,1000,4,'',2,1000,4,'',2,1000,4,'',2,1000,4,'',2,1000,4,'',2,5000,4,'',2,1000,4,'',2,1000,4,'',2,700,4,'',2,300,4,'',2,300,4,'',2,900,4,'',2,300,4,'',2,500,4,'',2,500,4,'',2,4500,4,'',2,500,4,'',2,500,4,'',2,500,4,'',2,500,4,'',2,500,4,'',2,500,4,'',2,500,4,'',2,500,4,'',2,500,4,'',2,500,4,'',2,500,4,'',2,4500,4,'',2,500,4,'',2,500,4,'',2,500,4,'',2,500,4,'',2,500,4,'',2,500,4,'',2,500,4,'',2,500,4,'',2,500,4,'',2,500,4,'',2,500,4,'',2,4500,4,'',2,500,4,'',2,500,4,'',2,500,4,'',2,500,4,'',2,500,4,'',2,500,4,'',2,500,4,'',2,500,4,'',2,500,4,'',2,500,4,'',2,500,4,'',2,4500,4,'',2,500,4,'',2,500,4,'',2,500,4,'',2,500,4,'',2,500,4,'',2,500,4,'',2,500,4,'',2,500,4,'',2,500,4,'',2,500,4,'',2,500,4,'',2,4500,4,'',2,500,4,'',2,500,4,'',2,500,4,'',2,500,4,'',2,500,4,'',2,500,4,'',2,500,4,'',2,500,4,'',2,500,4,'',2,500,4,'',2,500,4,'',2,4500,4,'',2,500,4,'',2,500,4,'',2,500,4,'',2,500,4,'',2,500,4,'',2,500,4,'',2,500,4,'',2,500,4,'',2,500,4,'',2,500,4,'',2,500,4,'',2,4500,4,'',2,500,4,'',2,500,4,'',2,500,4,'',2,500,4,'',2,300,4,'',2,600,4,'',2,1000,4,'',2,1000,4,'',2,5000,4,'',2,1000,4,'',2,1000,4,'',2,1000,4,'',2,1000,4,'',2,1000,4,'',2,5000,4,'',2,1000,4,'',2,1000,4,'',2,1000,4,'',2,1000,4,'',2,1000,4,'',2,700,4,'',2,4300,4,'',2,1000,4,'',2,1000,4,'',2,1000,4,'',2,700,4,'',2,1000,4,'',2,1000,4,'',2,5000,4,'',2,1000,4,'',2,1000,4,'',2,1000,4,'',2,1000,4,'',2,1000,4,'',2,5000,4,'',2,1000,4,'',2,1000,4,'',2,1000,4,'',2,1000,4,'',2,1000,4,'',2,5000,4,'',2,1000,4,'',2,1000,4,'',2,1000,4,'',2,1000,4,'',2,1000,4,'',2,5000,4,'',2,1000,4,'',2,1000,4,'',2,1000,4,'',2
'2',50402,50100,0,'Bathurst',2,1000,0,'Bathurst',2,1000,0,'Bathurst',2,1000,0,'Bathurst',2,1000,0,'Bathurst',2,1000,0,'Bathurst',2,5000,0,'Bathurst',2,1000,0,'Bathurst',2,1000,0,'Bathurst',2,1000,0,'Bathurst',2,1000,0,'Bathurst',2,1000,0,'Bathurst',2,5000,0,'Bathurst',2,1000,0,'Bathurst',2,1000,0,'Bathurst',2,1000,0,'Bathurst',2,1000,0,'Bathurst',2,900,0,'Bathurst',2,700,0,'Bathurst',2,4900,0,'Bathurst',2,1000,0,'Bathurst',2,1000,0,'Bathurst',2,1000,0,'Bathurst',2,1000,0,'Bathurst',2,1000,0,'Bathurst',2,5000,0,'Bathurst',2,1000,0,'Bathurst',2,1000,0,'Bathurst',2,1000,0,'Bathurst',2,1000,0,'Bathurst',2,1000,0,'Bathurst',2,5000,0,'Bathurst',2,1000,0,'Bathurst',2,1000,0,'Bathurst',2,1000,0,'Bathurst',2,1000,0,'Bathurst',2,1000,0,'Bathurst',2,5000,0,'Bathurst',2,1000,0,'Bathurst',2,1000,0,'Bathurst',2,1000,0,'Bathurst',2,1000,0,'Bathurst',2,1000,0,'Bathurst',2,4800,0,'Bathurst',2,1000,0,'Bathurst',2,700,0,'Bathurst',2,500,0,'Bathurst',2,500,0,'Bathurst',2,500,0,'Bathurst',2,500,0,'Bathurst',2,500,0,'Bathurst',2,500,0,'Bathurst',2,500,0,'Bathurst',2,4500,0,'Bathurst',2,500,0,'Bathurst',2,500,0,'Bathurst',2,500,0,'Bathurst',2,500,0,'Bathurst',2,500,0,'Bathurst',2,500,0,'Bathurst',2,500,0,'Bathurst',2,500,0,'Bathurst',2,500,0,'Bathurst',2,500,0,'Bathurst',2,500,0,'Bathurst',2,4500,0,'Bathurst',2,500,0,'Bathurst',2,500,0,'Bathurst',2,500,0,'Bathurst',2,500,0,'Bathurst',2,500,0,'Bathurst',2,500,0,'Bathurst',2,500,0,'Bathurst',2,500,0,'Bathurst',2,500,0,'Bathurst',2,500,0,'Bathurst',2,500,0,'Bathurst',2,4500,0,'Bathurst',2,500,0,'Bathurst',2,500,0,'Bathurst',2,500,0,'Bathurst',2,500,0,'Bathurst',2,500,0,'Bathurst',2,500,0,'Bathurst',2,500,0,'Bathurst',2,500,0,'Bathurst',2,500,0,'Bathurst',2,500,0,'Bathurst',2,500,0,'Bathurst',2,4500,0,'Bathurst',2,500,0,'Bathurst',2,500,0,'Bathurst',2,500,0,'Bathurst',2,500,0,'Bathurst',2,500,0,'Bathurst',2,500,0,'Bathurst',2,500,0,'Bathurst',2,500,0,'Bathurst',2,500,0,'Bathurst',2,500,0,'Bathurst',2,500,0,'Bathurst',2,4500,0,'Bathurst',2,500,0,'Bathurst',2,500,0,'Bathurst',2,500,0,'Bathurst',2,500,0,'Bathurst',2,500,0,'Bathurst',2,500,0,'Bathurst',2,500,0,'Bathurst',2,500,0,'Bathurst',2,500,0,'Bathurst',2,500,0,'Bathurst',2,500,0,'Bathurst',2,4500,0,'Bathurst',2,500,0,'Bathurst',2,500,0,'Bathurst',2,500,0,'Bathurst',2,500,0,'Bathurst',2,500,0,'Bathurst',2,500,0,'Bathurst',2,500,0,'Bathurst',2,500,0,'Bathurst',2,500,0,'Bathurst',2,500,0,'Bathurst',2,200,0,'Bathurst',2,4800,0,'Bathurst',2,500,0,'Bathurst',2,600,0,'Bathurst',2,1000,0,'Bathurst',2,1000,0,'Bathurst',2,1000,0,'Bathurst',2,1000,0,'Bathurst',2,5000,0,'Bathurst',2,1000,0,'Bathurst',2,1000,0,'Bathurst',2,1000,0,'Bathurst',2,1000,0,'Bathurst',2,1000,0,'Bathurst',2,5000,0,'Bathurst',2,1000,0,'Bathurst',2,1000,0,'Bathurst',2,1000,0,'Bathurst',2,1000,0,'Bathurst',2,1000,0,'Bathurst',2,500,0,'Bathurst',2,4500,0,'Bathurst',2,1000,0,'Bathurst',2,1000,0,'Bathurst',2,1000,0,'Bathurst',2,1000,0,'Bathurst',2,1000,0,'Bathurst',2,5000,0,'Bathurst',2,1000,0,'Bathurst',2,1000,0,'Bathurst',2,1000,0,'Bathurst',2,1000,0,'Bathurst',2,1000,0,'Bathurst',2,5000,0,'Bathurst',2,1000,0,'Bathurst',2,1000,0,'Bathurst',2,1000,0,'Bathurst',2,1000,0,'Bathurst',2,1000,0,'Bathurst',2,5000,0,'Bathurst',2,1000,0,'Bathurst',2,1000,0,'Bathurst',2,1000,0,'Bathurst',2,1000,0,'Bathurst',2,1300,0,'Bathurst',2
'3',50401,53500,4,'',2,1500,4,'',2,5200,4,'',2,1000,4,'',2,1000,4,'',2,1000,4,'',2,1000,4,'',2,1000,4,'',2,5000,4,'',2,1000,4,'',2,1000,4,'',2,1000,4,'',2,1000,4,'',2,1000,4,'',2,5000,4,'',2,1000,4,'',2,1000,4,'',2,2000,4,'',2,1000,4,'',2,5000,4,'',2,1000,4,'',2,1000,4,'',2,1000,4,'',2,1000,4,'',2,1000,4,'',2,5000,4,'',2,1000,4,'',2,1000,4,'',2,1000,4,'',2,1000,4,'',2,1000,4,'',2,5000,4,'',2,1000,4,'',2,1000,4,'',2,1000,4,'',2,1000,4,'',2,1000,4,'',2,5000,4,'',2,1000,4,'',2,500,4,'',2,700,4,'',2,800,4,'',2,1100,4,'',2,700,4,'',2,300,4,'',2,4700,4,'',2,500,4,'',2,500,4,'',2,500,4,'',2,500,4,'',2,500,4,'',2,500,4,'',2,500,4,'',2,500,4,'',2,500,4,'',2,500,4,'',2,500,4,'',2,4500,4,'',2,500,4,'',2,500,4,'',2,500,4,'',2,500,4,'',2,500,4,'',2,500,4,'',2,500,4,'',2,500,4,'',2,500,4,'',2,500,4,'',2,500,4,'',2,4500,4,'',2,500,4,'',2,500,4,'',2,500,4,'',2,500,4,'',2,500,4,'',2,500,4,'',2,500,4,'',2,500,4,'',2,500,4,'',2,500,4,'',2,500,4,'',2,4500,4,'',2,500,4,'',2,500,4,'',2,500,4,'',2,500,4,'',2,500,4,'',2,500,4,'',2,500,4,'',2,500,4,'',2,500,4,'',2,500,4,'',2,500,4,'',2,4500,4,'',2,500,4,'',2,500,4,'',2,500,4,'',2,500,4,'',2,500,4,'',2,500,4,'',2,500,4,'',2,500,4,'',2,500,4,'',2,500,4,'',2,500,4,'',2,4500,4,'',2,500,4,'',2,500,4,'',2,500,4,'',2,500,4,'',2,500,4,'',2,500,4,'',2,500,4,'',2,500,4,'',2,500,4,'',2,500,4,'',2,500,4,'',2,4500,4,'',2,500,4,'',2,500,4,'',2,500,4,'',2,500,4,'',2,500,4,'',2,500,4,'',2,300,4,'',2,300,4,'',2,900,4,'',2,500,4,'',2,500,4,'',2,4500,4,'',2,500,4,'',2,500,4,'',2,500,4,'',2,500,4,'',2,500,4,'',2,500,4,'',2,500,4,'',2,500,4,'',2,500,4,'',2,500,4,'',2,500,4,'',2,4500,4,'',2,500,4,'',2,500,4,'',2,500,4,'',2,500,4,'',2,500,4,'',2,500,4,'',2,500,4,'',2,500,4,'',2,500,4,'',2,500,4,'',2,500,4,'',2,4500,4,'',2,500,4,'',2,500,4,'',2,500,4,'',2,500,4,'',2,500,4,'',2,500,4,'',2,100,4,'',2,600,4,'',2,1500,4,'',2,5000,4,'',2,1000,4,'',2,1000,4,'',2,1000,4,'',2,1000,4,'',2,1000,4,'',2,5000,4,'',2,1000,4,'',2,1000,4,'',2,1000,4,'',2,1000,4,'',2,1000,4,'',2,5000,4,'',2,1000,4,'',2,1000,4,'',2,1000,4,'',2,1000,4,'',2,1000,4,'',2,5000,4,'',2,1000,4,'',2,1000,4,'',2,700,4,'',2
'3',50402,50600,0,'Bathurst',2,1000,0,'Bathurst',2,1000,0,'Bathurst',2,1000,0,'Bathurst',2,1000,0,'Bathurst',2,1000,0,'Bathurst',2,5000,0,'Bathurst',2,1000,0,'Bathurst',2,1000,0,'Bathurst',2,1000,0,'Bathurst',2,1000,0,'Bathurst',2,1000,0,'Bathurst',2,5000,0,'Bathurst',2,1000,0,'Bathurst',2,1000,0,'Bathurst',2,1000,0,'Bathurst',2,1000,0,'Bathurst',2,1000,0,'Bathurst',2,5000,0,'Bathurst',2,1000,0,'Bathurst',2,1000,0,'Bathurst',2,1000,0,'Bathurst',2,1000,0,'Bathurst',2,1000,0,'Bathurst',2,5000,0,'Bathurst',2,1000,0,'Bathurst',2,1000,0,'Bathurst',2,1000,0,'Bathurst',2,1000,0,'Bathurst',2,1000,0,'Bathurst',2,5000,0,'Bathurst',2,1000,0,'Bathurst',2,1000,0,'Bathurst',2,1000,0,'Bathurst',2,1000,0,'Bathurst',2,1000,0,'Bathurst',2,5000,0,'Bathurst',2,1000,0,'Bathurst',2,1000,0,'Bathurst',2,1000,0,'Bathurst',2,1000,0,'Bathurst',2,1000,0,'Bathurst',2,200,0,'Bathurst',2,4400,0,'Bathurst',2,200,0,'Bathurst',2,400,0,'Bathurst',2,500,0,'Bathurst',2,500,0,'Bathurst',2,500,0,'Bathurst',2,500,0,'Bathurst',2,500,0,'Bathurst',2,500,0,'Bathurst',2,500,0,'Bathurst',2,500,0,'Bathurst',2,500,0,'Bathurst',2,500,0,'Bathurst',2,4500,0,'Bathurst',2,500,0,'Bathurst',2,500,0,'Bathurst',2,500,0,'Bathurst',2,500,0,'Bathurst',2,500,0,'Bathurst',2,500,0,'Bathurst',2,500,0,'Bathurst',2,500,0,'Bathurst',2,500,0,'Bathurst',2,500,0,'Bathurst',2,500,0,'Bathurst',2,4500,0,'Bathurst',2,500,0,'Bathurst',2,500,0,'Bathurst',2,500,0,'Bathurst',2,500,0,'Bathurst',2,500,0,'Bathurst',2,500,0,'Bathurst',2,500,0,'Bathurst',2,500,0,'Bathurst',2,500,0,'Bathurst',2,500,0,'Bathurst',2,500,0,'Bathurst',2,4500,0,'Bathurst',2,500,0,'Bathurst',2,500,0,'Bathurst',2,500,0,'Bathurst',2,500,0,'Bathurst',2,500,0,'Bathurst',2,500,0,'Bathurst',2,500,0,'Bathurst',2,500,0,'Bathurst',2,500,0,'Bathurst',2,500,0,'Bathurst',2,500,0,'Bathurst',2,4500,0,'Bathurst',2,500,0,'Bathurst',2,500,0,'Bathurst',2,500,0,'Bathurst',2,500,0,'Bathurst',2,500,0,'Bathurst',2,500,0,'Bathurst',2,500,0,'Bathurst',2,500,0,'Bathurst',2,500,0,'Bathurst',2,500,0,'Bathurst',2,500,0,'Bathurst',2,4500,0,'Bathurst',2,500,0,'Bathurst',2,500,0,'Bathurst',2,500,0,'Bathurst',2,500,0,'Bathurst',2,500,0,'Bathurst',2,500,0,'Bathurst',2,500,0,'Bathurst',2,500,0,'Bathurst',2,500,0,'Bathurst',2,500,0,'Bathurst',2,500,0,'Bathurst',2,4500,0,'Bathurst',2,500,0,'Bathurst',2,700,0,'Bathurst',2,500,0,'Bathurst',2,500,0,'Bathurst',2,500,0,'Bathurst',2,500,0,'Bathurst',2,500,0,'Bathurst',2,500,0,'Bathurst',2,600,0,'Bathurst',2,500,0,'Bathurst',2,4800,0,'Bathurst',2,700,0,'Bathurst',2,500,0,'Bathurst',2,500,0,'Bathurst',2,500,0,'Bathurst',2,500,0,'Bathurst',2,500,0,'Bathurst',2,500,0,'Bathurst',2,500,0,'Bathurst',2,500,0,'Bathurst',2,500,0,'Bathurst',2,4500,0,'Bathurst',2,500,0,'Bathurst',2,500,0,'Bathurst',2,500,0,'Bathurst',2,500,0,'Bathurst',2,500,0,'Bathurst',2,500,0,'Bathurst',2,500,0,'Bathurst',2,500,0,'Bathurst',2,500,0,'Bathurst',2,500,0,'Bathurst',2,500,0,'Bathurst',2,4500,0,'Bathurst',2,500,0,'Bathurst',2,500,0,'Bathurst',2,500,0,'Bathurst',2,500,0,'Bathurst',2,500,0,'Bathurst',2,500,0,'Bathurst',2,500,0,'Bathurst',2,600,0,'Bathurst',2,1200,0,'Bathurst',2,5000,0,'Bathurst',2,1000,0,'Bathurst',2,1000,0,'Bathurst',2,1000,0,'Bathurst',2,1000,0,'Bathurst',2,1000,0,'Bathurst',2,5000,0,'Bathurst',2,1000,0,'Bathurst',2,1000,0,'Bathurst',2,1000,0,'Bathurst',2,1000,0,'Bathurst',2,1000,0,'Bathurst',2,5000,0,'Bathurst',2,1000,0,'Bathurst',2,1000,0,'Bathurst',2,1000,0,'Bathurst',2,1000,0,'Bathurst',2,1000,0,'Bathurst',2,5000,0,'Bathurst',2,1000,0,'Bathurst',2,1000,0,'Bathurst',2,1000,0,'Bathurst',2,1000,0,'Bathurst',2,1000,0,'Bathurst',2
'4',50401,54200,4,'',2,1200,4,'',2,500,4,'',2,5000,4,'',2,500,4,'',2,500,4,'',2,500,4,'',2,500,4,'',2,500,4,'',2,500,4,'',2,500,4,'',2,500,4,'',2,500,4,'',2,500,4,'',2,4500,4,'',2,500,4,'',2,500,4,'',2,500,4,'',2,500,4,'',2,500,4,'',2,500,4,'',2,500,4,'',2,500,4,'',2,500,4,'',2,500,4,'',2,4800,4,'',2,500,4,'',2,500,4,'',2,500,4,'',2,500,4,'',2,500,4,'',2,500,4,'',2,500,4,'',2,500,4,'',2,500,4,'',2,500,4,'',2,500,4,'',2,4500,4,'',2,500,4,'',2,500,4,'',2,500,4,'',2,500,4,'',2,500,4,'',2,500,4,'',2,500,4,'',2,500,4,'',2,500,4,'',2,500,4,'',2,5200,4,'',2,700,4,'',2,800,4,'',2,1000,4,'',2,1000,4,'',2,1000,4,'',2,1000,4,'',2,5000,4,'',2,1000,4,'',2,1000,4,'',2,1000,4,'',2,1000,4,'',2,1000,4,'',2,5000,4,'',2,1000,4,'',2,1000,4,'',2,1000,4,'',2,1000,4,'',2,1000,4,'',2,5000,4,'',2,1000,4,'',2,1000,4,'',2,1000,4,'',2,1000,4,'',2,1000,4,'',2,5000,4,'',2,1000,4,'',2,1000,4,'',2,1000,4,'',2,1000,4,'',2,5200,4,'',2,1100,4,'',2,1000,4,'',2,500,4,'',2,500,4,'',2,500,4,'',2,500,4,'',2,500,4,'',2,500,4,'',2,500,4,'',2,4500,4,'',2,500,4,'',2,500,4,'',2,500,4,'',2,500,4,'',2,500,4,'',2,500,4,'',2,500,4,'',2,500,4,'',2,500,4,'',2,500,4,'',2,500,4,'',2,4500,4,'',2,500,4,'',2,500,4,'',2,500,4,'',2,500,4,'',2,500,4,'',2,500,4,'',2,500,4,'',2,500,4,'',2,500,4,'',2,500,4,'',2,500,4,'',2,4500,4,'',2,500,4,'',2,500,4,'',2,500,4,'',2,500,4,'',2,500,4,'',2,500,4,'',2,500,4,'',2,500,4,'',2,500,4,'',2,500,4,'',2,500,4,'',2,4500,4,'',2,500,4,'',2,500,4,'',2,500,4,'',2,500,4,'',2,200,4,'',2,500,4,'',2,200,4,'',2,300,4,'',2,500,4,'',2,500,4,'',2,500,4,'',2,500,4,'',2,500,4,'',2,4600,4,'',2,300,4,'',2,200,4,'',2,700,4,'',2,300,4,'',2,700,4,'',2,1000,4,'',2,1000,4,'',2,1000,4,'',2,5000,4,'',2,1000,4,'',2,1000,4,'',2,1000,4,'',2,1000,4,'',2,1000,4,'',2,5000,4,'',2,1000,4,'',2,800,4,'',2,600,4,'',2,1000,4,'',2,1000,4,'',2,5100,4,'',2,900,4,'',2,1000,4,'',2,1000,4,'',2,1000,4,'',2,1000,4,'',2,5000,4,'',2,1000,4,'',2,1000,4,'',2,1000,4,'',2,1000,4,'',2,1000,4,'',2,5000,4,'',2,1000,4,'',2,1000,4,'',2,1000,4,'',2,1000,4,'',2,1000,4,'',2,5000,4,'',2,1000,4,'',2,1000,4,'',2,1000,4,'',2
'4',50402,50200,0,'Bathurst',2,500,0,'Bathurst',2,500,0,'Bathurst',2,800,0,'Bathurst',2,200,0,'Bathurst',2,500,0,'Bathurst',2,500,0,'Bathurst',2,500,0,'Bathurst',2,500,0,'Bathurst',2,500,0,'Bathurst',2,500,0,'Bathurst',2,500,0,'Bathurst',2,4500,0,'Bathurst',2,500,0,'Bathurst',2,500,0,'Bathurst',2,500,0,'Bathurst',2,500,0,'Bathurst',2,500,0,'Bathurst',2,500,0,'Bathurst',2,500,0,'Bathurst',2,500,0,'Bathurst',2,500,0,'Bathurst',2,500,0,'Bathurst',2,500,0,'Bathurst',2,4500,0,'Bathurst',2,500,0,'Bathurst',2,800,0,'Bathurst',2,300,0,'Bathurst',2,400,0,'Bathurst',2,500,0,'Bathurst',2,500,0,'Bathurst',2,500,0,'Bathurst',2,500,0,'Bathurst',2,500,0,'Bathurst',2,500,0,'Bathurst',2,500,0,'Bathurst',2,4500,0,'Bathurst',2,700,0,'Bathurst',2,500,0,'Bathurst',2,500,0,'Bathurst',2,500,0,'Bathurst',2,500,0,'Bathurst',2,500,0,'Bathurst',2,500,0,'Bathurst',2,500,0,'Bathurst',2,500,0,'Bathurst',2,500,0,'Bathurst',2,500,0,'Bathurst',2,4500,0,'Bathurst',2,1000,0,'Bathurst',2,1000,0,'Bathurst',2,300,0,'Bathurst',2,1000,0,'Bathurst',2,1000,0,'Bathurst',2,1000,0,'Bathurst',2,5000,0,'Bathurst',2,1000,0,'Bathurst',2,1000,0,'Bathurst',2,1000,0,'Bathurst',2,1000,0,'Bathurst',2,1000,0,'Bathurst',2,5000,0,'Bathurst',2,1000,0,'Bathurst',2,1000,0,'Bathurst',2,1000,0,'Bathurst',2,1000,0,'Bathurst',2,1000,0,'Bathurst',2,5000,0,'Bathurst',2,1000,0,'Bathurst',2,1000,0,'Bathurst',2,1000,0,'Bathurst',2,1000,0,'Bathurst',2,1000,0,'Bathurst',2,5000,0,'Bathurst',2,1000,0,'Bathurst',2,1000,0,'Bathurst',2,1000,0,'Bathurst',2,1000,0,'Bathurst',2,400,0,'Bathurst',2,500,0,'Bathurst',2,4400,0,'Bathurst',2,500,0,'Bathurst',2,300,0,'Bathurst',2,300,0,'Bathurst',2,500,0,'Bathurst',2,300,0,'Bathurst',2,200,0,'Bathurst',2,400,0,'Bathurst',2,500,0,'Bathurst',2,500,0,'Bathurst',2,500,0,'Bathurst',2,500,0,'Bathurst',2,500,0,'Bathurst',2,500,0,'Bathurst',2,4500,0,'Bathurst',2,500,0,'Bathurst',2,500,0,'Bathurst',2,500,0,'Bathurst',2,500,0,'Bathurst',2,500,0,'Bathurst',2,500,0,'Bathurst',2,500,0,'Bathurst',2,500,0,'Bathurst',2,500,0,'Bathurst',2,500,0,'Bathurst',2,500,0,'Bathurst',2,4500,0,'Bathurst',2,500,0,'Bathurst',2,500,0,'Bathurst',2,500,0,'Bathurst',2,500,0,'Bathurst',2,500,0,'Bathurst',2,500,0,'Bathurst',2,500,0,'Bathurst',2,500,0,'Bathurst',2,500,0,'Bathurst',2,500,0,'Bathurst',2,500,0,'Bathurst',2,4500,0,'Bathurst',2,500,0,'Bathurst',2,500,0,'Bathurst',2,500,0,'Bathurst',2,500,0,'Bathurst',2,500,0,'Bathurst',2,500,0,'Bathurst',2,500,0,'Bathurst',2,500,0,'Bathurst',2,500,0,'Bathurst',2,500,0,'Bathurst',2,500,0,'Bathurst',2,4500,0,'Bathurst',2,600,0,'Bathurst',2,400,0,'Bathurst',2,600,0,'Bathurst',2,300,0,'Bathurst',2,400,0,'Bathurst',2,1000,0,'Bathurst',2,200,0,'Bathurst',2,800,0,'Bathurst',2,600,0,'Bathurst',2,600,0,'Bathurst',2,5000,0,'Bathurst',2,1000,0,'Bathurst',2,1000,0,'Bathurst',2,1000,0,'Bathurst',2,1000,0,'Bathurst',2,1000,0,'Bathurst',2,5000,0,'Bathurst',2,1200,0,'Bathurst',2,1200,0,'Bathurst',2,1000,0,'Bathurst',2,1000,0,'Bathurst',2,1000,0,'Bathurst',2,5000,0,'Bathurst',2,1000,0,'Bathurst',2,1000,0,'Bathurst',2,800,0,'Bathurst',2,1000,0,'Bathurst',2,5300,0,'Bathurst',2,1000,0,'Bathurst',2,1000,0,'Bathurst',2,1300,0,'Bathurst',2,1000,0,'Bathurst',2,1000,0,'Bathurst',2,5000,0,'Bathurst',2,1000,0,'Bathurst',2,1000,0,'Bathurst',2,1000,0,'Bathurst',2,1000,0,'Bathurst',2,1000,0,'Bathurst',2,5000,0,'Bathurst',2,1000,0,'Bathurst',2,1000,0,'Bathurst',2,1000,0,'Bathurst',2,1000,0,'Bathurst',2,1000,0,'Bathurst',2,5000,0,'Bathurst',2,1000,0,'Bathurst',2,1000,0,'Bathurst',2,1000,0,'Bathurst',2,1100,0,'Bathurst',2,1000,0,'Bathurst',2,5000,0,'Bathurst',2,1000,0,'Bathurst',2
'1',50602,81950,0,'High Pk',2,800,0,'High Pk',2,1000,0,'High Pk',2,1000,0,'High Pk',2,1000,0,'High Pk',2,5000,0,'High Pk',2,1000,0,'High Pk',2,1000,0,'High Pk',2,1000,0,'High Pk',2,1000,0,'High Pk',2,1000,0,'High Pk',2,5000,0,'High Pk',2,1000,0,'High Pk',2,1000,0,'High Pk',2,1000,0,'High Pk',2,1000,0,'High Pk',2,1000,0,'High Pk',2,5000,0,'High Pk',2,1000,0,'High Pk',2,1000,0,'High Pk',2,1000,0,'High Pk',2,1000,0,'High Pk',2,1000,0,'High Pk',2,5000,0,'High Pk',2,700,0,'High Pk',2,700,0,'High Pk',2,850,0,'High Pk',2,1000,0,'High Pk',2,1000,0,'High Pk',2,5000,0,'High Pk',2,1000,0,'High Pk',2,1000,0,'High Pk',2,1000,0,'High Pk',2,1000,0,'High Pk',2,1000,0,'High Pk',2,5000,0,'High Pk',2,1000,0,'High Pk',2,1000,0,'High Pk',2,1000,0,'High Pk',2,1000,0,'High Pk',2,1000,0,'High Pk',2,5000,0,'High Pk',2,1000,0,'High Pk',2,1000,0,'High Pk',2,1000,0,'High Pk',2,1000,0,'High Pk',2,1000,0,'High Pk',2,5000,0,'High Pk',2,1000,0,'High Pk',2,1000,0,'High Pk',2,1000,0,'High Pk',2,1000,0,'High Pk',2,1000,0,'High Pk',2,5000,0,'High Pk',2,1000,0,'High Pk',2,1000,0,'High Pk',2,1000,0,'High Pk',2,1000,0,'High Pk',2,1000,0,'High Pk',2,5000,0,'High Pk',2,1000,0,'High Pk',2,1000,0,'High Pk',2,1000,0,'High Pk',2,1000,0,'High Pk',2,1000,0,'High Pk',2,5000,0,'High Pk',2,1700,0,'High Pk',2,1300,0,'High Pk',2,1000,0,'High Pk',2,1000,0,'High Pk',2,5000,0,'High Pk',2,1000,0,'High Pk',2,1000,0,'High Pk',2,1000,0,'High Pk',2,1000,0,'High Pk',2,1000,0,'High Pk',2,5000,0,'High Pk',2,850,0,'High Pk',2,1100,0,'High Pk',2,990,0,'High Pk',2,1000,0,'High Pk',2,1000,0,'High Pk',2,1000,0,'High Pk',2,5000,0,'High Pk',2,1000,0,'High Pk',2,1000,0,'High Pk',2,1000,0,'High Pk',2,1000,0,'High Pk',2,1000,0,'High Pk',2,5000,0,'High Pk',2,1000,0,'High Pk',2,1000,0,'High Pk',2,1000,0,'High Pk',2,1000,0,'High Pk',2,1000,0,'High Pk',2,5000,0,'High Pk',2,1000,0,'High Pk',2,1000,0,'High Pk',2,1000,0,'High Pk',2,1000,0,'High Pk',2,1000,0,'High Pk',2,5000,0,'High Pk',2,1000,0,'High Pk',2
'2',50602,44940,0,'High Pk',2,6400,0,'High Pk',2,1110,0,'High Pk',2,1500,0,'High Pk',2,1500,0,'High Pk',2,5000,0,'High Pk',2,1000,0,'High Pk',2,1000,0,'High Pk',2,1000,0,'High Pk',2,1000,0,'High Pk',2,890,0,'High Pk',2,110,0,'High Pk',2,5000,0,'High Pk',2,1000,0,'High Pk',2,1000,0,'High Pk',2,1000,0,'High Pk',2,1000,0,'High Pk',2,1000,0,'High Pk',2,4900,0,'High Pk',2,800,0,'High Pk',2,800,0,'High Pk',2,800,0,'High Pk',2,1000,0,'High Pk',2,1000,0,'High Pk',2,1000,0,'High Pk',2,5000,0,'High Pk',2,1000,0,'High Pk',2,1000,0,'High Pk',2,1000,0,'High Pk',2,1000,0,'High Pk',2,1000,0,'High Pk',2,5000,0,'High Pk',2,1000,0,'High Pk',2,1000,0,'High Pk',2,1000,0,'High Pk',2,1000,0,'High Pk',2,1000,0,'High Pk',2,5000,0,'High Pk',2,1000,0,'High Pk',2,1000,0,'High Pk',2,1000,0,'High Pk',2,1000,0,'High Pk',2,1000,0,'High Pk',2,5000,0,'High Pk',2,700,0,'High Pk',2,700,0,'High Pk',2,850,0,'High Pk',2,1000,0,'High Pk',2,1000,0,'High Pk',2,5000,0,'High Pk',2,1000,0,'High Pk',2,1000,0,'High Pk',2,1000,0,'High Pk',2,1000,0,'High Pk',2,1000,0,'High Pk',2,5000,0,'High Pk',2,1000,0,'High Pk',2,1000,0,'High Pk',2,1000,0,'High Pk',2,1000,0,'High Pk',2,1000,0,'High Pk',2,5000,0,'High Pk',2,1000,0,'High Pk',2,1000,0,'High Pk',2,1000,0,'High Pk',2,1000,0,'High Pk',2,1000,0,'High Pk',2,5000,0,'High Pk',2,1000,0,'High Pk',2,1000,0,'High Pk',2,1000,0,'High Pk',2,1000,0,'High Pk',2,1000,0,'High Pk',2,5000,0,'High Pk',2,1000,0,'High Pk',2,1000,0,'High Pk',2,1000,0,'High Pk',2,1000,0,'High Pk',2,1000,0,'High Pk',2,5000,0,'High Pk',2,1000,0,'High Pk',2,1000,0,'High Pk',2,1000,0,'High Pk',2,1000,0,'High Pk',2,1000,0,'High Pk',2,5000,0,'High Pk',2,1700,0,'High Pk',2,1300,0,'High Pk',2,1000,0,'High Pk',2,1000,0,'High Pk',2,5000,0,'High Pk',2,1000,0,'High Pk',2,1000,0,'High Pk',2,1000,0,'High Pk',2,1000,0,'High Pk',2,1000,0,'High Pk',2,5000,0,'High Pk',2,950,0,'High Pk',2,1000,0,'High Pk',2,990,0,'High Pk',2,1000,0,'High Pk',2,1000,0,'High Pk',2,1000,0,'High Pk',2,5000,0,'High Pk',2,1000,0,'High Pk',2,1000,0,'High Pk',2,1000,0,'High Pk',2,1000,0,'High Pk',2,1000,0,'High Pk',2,5000,0,'High Pk',2,1000,0,'High Pk',2,1000,0,'High Pk',2,1000,0,'High Pk',2,1000,0,'High Pk',2,1000,0,'High Pk',2,5000,0,'High Pk',2,1000,0,'High Pk',2,1000,0,'High Pk',2,2000,0,'High Pk',2,6000,0,'High Pk',2
'3',50602,45950,0,'High Pk',2,6100,0,'High Pk',2,1000,0,'High Pk',2,1000,0,'High Pk',2,1600,0,'High Pk',2,4800,0,'High Pk',2,700,0,'High Pk',2,1000,0,'High Pk',2,1000,0,'High Pk',2,1000,0,'High Pk',2,1000,0,'High Pk',2,500,0,'High Pk',2,4500,0,'High Pk',2,1000,0,'High Pk',2,1000,0,'High Pk',2,1000,0,'High Pk',2,1000,0,'High Pk',2,1000,0,'High Pk',2,5050,0,'High Pk',2,200,0,'High Pk',2,800,0,'High Pk',2,1100,0,'High Pk',2,900,0,'High Pk',2,900,0,'High Pk',2,1000,0,'High Pk',2,5000,0,'High Pk',2,1000,0,'High Pk',2,1000,0,'High Pk',2,1000,0,'High Pk',2,1000,0,'High Pk',2,1000,0,'High Pk',2,5000,0,'High Pk',2,1000,0,'High Pk',2,1000,0,'High Pk',2,1000,0,'High Pk',2,540,0,'High Pk',2,460,0,'High Pk',2,1000,0,'High Pk',2,5000,0,'High Pk',2,950,0,'High Pk',2,50,0,'High Pk',2,1000,0,'High Pk',2,1000,0,'High Pk',2,900,0,'High Pk',2,100,0,'High Pk',2,700,0,'High Pk',2,300,0,'High Pk',2,5000,0,'High Pk',2,1000,0,'High Pk',2,800,0,'High Pk',2,800,0,'High Pk',2,800,0,'High Pk',2,800,0,'High Pk',2,800,0,'High Pk',2,800,0,'High Pk',2,4800,0,'High Pk',2,800,0,'High Pk',2,800,0,'High Pk',2,800,0,'High Pk',2,800,0,'High Pk',2,800,0,'High Pk',2,800,0,'High Pk',2,4800,0,'High Pk',2,800,0,'High Pk',2,800,0,'High Pk',2,800,0,'High Pk',2,800,0,'High Pk',2,800,0,'High Pk',2,800,0,'High Pk',2,800,0,'High Pk',2,4800,0,'High Pk',2,800,0,'High Pk',2,800,0,'High Pk',2,800,0,'High Pk',2,800,0,'High Pk',2,800,0,'High Pk',2,800,0,'High Pk',2,4800,0,'High Pk',2,800,0,'High Pk',2,800,0,'High Pk',2,800,0,'High Pk',2,800,0,'High Pk',2,800,0,'High Pk',2,800,0,'High Pk',2,800,0,'High Pk',2,4800,0,'High Pk',2,800,0,'High Pk',2,800,0,'High Pk',2,800,0,'High Pk',2,800,0,'High Pk',2,800,0,'High Pk',2,800,0,'High Pk',2,4800,0,'High Pk',2,800,0,'High Pk',2,800,0,'High Pk',2,800,0,'High Pk',2,1600,0,'High Pk',2,800,0,'High Pk',2,4900,0,'High Pk',2,1800,0,'High Pk',2,700,0,'High Pk',2,900,0,'High Pk',2,800,0,'High Pk',2,900,0,'High Pk',2,4900,0,'High Pk',2,900,0,'High Pk',2,900,0,'High Pk',2,900,0,'High Pk',2,900,0,'High Pk',2,900,0,'High Pk',2,900,0,'High Pk',2,4900,0,'High Pk',2,900,0,'High Pk',2,1750,0,'High Pk',2,800,0,'High Pk',2,900,0,'High Pk',2,900,0,'High Pk',2,4900,0,'High Pk',2,900,0,'High Pk',2,900,0,'High Pk',2,900,0,'High Pk',2,1000,0,'High Pk',2,1000,0,'High Pk',2,5000,0,'High Pk',2,1000,0,'High Pk',2,1000,0,'High Pk',2,1000,0,'High Pk',2,1000,0,'High Pk',2,1000,0,'High Pk',2,5000,0,'High Pk',2,1000,0,'High Pk',2,1000,0,'High Pk',2,1000,0,'High Pk',2,1000,0,'High Pk',2,1000,0,'High Pk',2,5000,0,'High Pk',2,1000,0,'High Pk',2,1000,0,'High Pk',2,1000,0,'High Pk',2
'4',50602,42350,0,'High Pk',2,900,0,'High Pk',2,6990,0,'High Pk',2,2200,0,'High Pk',2,510,0,'High Pk',2,600,0,'High Pk',2,1090,0,'High Pk',2,1010,0,'High Pk',2,4490,0,'High Pk',2,1510,0,'High Pk',2,1300,0,'High Pk',2,1000,0,'High Pk',2,1000,0,'High Pk',2,1000,0,'High Pk',2,4600,0,'High Pk',2,450,0,'High Pk',2,1200,0,'High Pk',2,1100,0,'High Pk',2,400,0,'High Pk',2,600,0,'High Pk',2,1000,0,'High Pk',2,5000,0,'High Pk',2,1000,0,'High Pk',2,1000,0,'High Pk',2,1000,0,'High Pk',2,1000,0,'High Pk',2,1000,0,'High Pk',2,5000,0,'High Pk',2,1000,0,'High Pk',2,800,0,'High Pk',2,700,0,'High Pk',2,1000,0,'High Pk',2,1000,0,'High Pk',2,1000,0,'High Pk',2,5000,0,'High Pk',2,1000,0,'High Pk',2,1000,0,'High Pk',2,1000,0,'High Pk',2,1000,0,'High Pk',2,1000,0,'High Pk',2,5000,0,'High Pk',2,1000,0,'High Pk',2,1000,0,'High Pk',2,1000,0,'High Pk',2,1000,0,'High Pk',2,1000,0,'High Pk',2,5000,0,'High Pk',2,1000,0,'High Pk',2,1000,0,'High Pk',2,1000,0,'High Pk',2,1000,0,'High Pk',2,1000,0,'High Pk',2,5000,0,'High Pk',2,1000,0,'High Pk',2,1000,0,'High Pk',2,1000,0,'High Pk',2,1000,0,'High Pk',2,500,0,'High Pk',2,500,0,'High Pk',2,5100,0,'High Pk',2,1100,0,'High Pk',2,1000,0,'High Pk',2,1000,0,'High Pk',2,1000,0,'High Pk',2,5000,0,'High Pk',2,1000,0,'High Pk',2,1000,0,'High Pk',2,1000,0,'High Pk',2,1000,0,'High Pk',2,1000,0,'High Pk',2,5000,0,'High Pk',2,1000,0,'High Pk',2,1000,0,'High Pk',2,1000,0,'High Pk',2,1000,0,'High Pk',2,1000,0,'High Pk',2,5000,0,'High Pk',2,1000,0,'High Pk',2,1000,0,'High Pk',2,1000,0,'High Pk',2,1100,0,'High Pk',2,1100,0,'High Pk',2,5000,0,'High Pk',2,1000,0,'High Pk',2,950,0,'High Pk',2,1000,0,'High Pk',2,1000,0,'High Pk',2,1000,0,'High Pk',2,5100,0,'High Pk',2,1100,0,'High Pk',2,1000,0,'High Pk',2,1000,0,'High Pk',2,1000,0,'High Pk',2,1000,0,'High Pk',2,5000,0,'High Pk',2,500,0,'High Pk',2,600,0,'High Pk',2,1000,0,'High Pk',2,1000,0,'High Pk',2,1000,0,'High Pk',2,1000,0,'High Pk',2,5000,0,'High Pk',2,1000,0,'High Pk',2,1000,0,'High Pk',2,800,0,'High Pk',2,1000,0,'High Pk',2,1000,0,'High Pk',2,5000,0,'High Pk',2,1000,0,'High Pk',2,1000,0,'High Pk',2,1000,0,'High Pk',2,1000,0,'High Pk',2,1000,0,'High Pk',2,5000,0,'High Pk',2,1000,0,'High Pk',2,1000,0,'High Pk',2,1000,0,'High Pk',2,1000,0,'High Pk',2,1000,0,'High Pk',2,5000,0,'High Pk',2,1000,0,'High Pk',2,1000,0,'High Pk',2,1000,0,'High Pk',2,1000,0,'High Pk',2,1000,0,'High Pk',2,5000,0,'High Pk',2,1000,0,'High Pk',2,1000,0,'High Pk',2,1000,0,'High Pk',2
