'1',50401,93600,0,'',2,100100,0,'',2,68800,0,'',2,600,0,'',2,1000,0,'',2,1000,0,'',2
'1',50402,50200,4,'',2,1000,4,'',2,1500,4,'',2,500,4,'',2,19600,4,'',2,2000,4,'',2
'2',50401,261700,0,'',2,1000,0,'',2,1000,0,'',2,1000,0,'',2
'2',50402,50800,4,'',2,1000,4,'',2,1000,4,'',2,900,4,'',2,68200,4,'',2
'3',50401,192800,0,'',2,69900,0,'',2,500,0,'',2,1000,0,'',2
'3',50402,50700,4,'',2,1400,4,'',2,71100,4,'',2
'4406',50401,93600,0,'',2,100100,0,'',2,68800,0,'',2,600,0,'',2,1000,0,'',2,1000,0,'',2
'4406',50402,50200,4,'',2,1000,4,'',2,1500,4,'',2,500,4,'',2,19600,4,'',2,2000,4,'',2
'5',50401,192800,0,'',2,69900,0,'',2,500,0,'',2,1000,0,'',2
'5',50402,50700,4,'',2,1400,4,'',2,71100,4,'',2
'8',50401,192800,0,'',2,69900,0,'',2,500,0,'',2,1000,0,'',2
'8',50402,50700,4,'',2,1400,4,'',2,71100,4,'',2
