30401,'1',2842,,200,1,,,2,60,,201,1,,,2,10,,198,1,,,2,10,,199,1,,,2,14,,202,1,,,2
30401,'2',2859,,204,1,,,2,60,,203,1,,,2,10,,206,1,,,2,15,,205,1,,,2
30401,'3',2903,,207,1,,,2,10,,209,1,,,2,10,,210,1,,,2,10,,208,1,,,2
30401,'5',2903,,212,1,,,2,10,,214,1,,,2,10,,211,1,,,2,10,,213,1,,,2
30402,'1',2623,,222,1,0,5 6 7,2,10,,220,1,0,5 6 7,2,10,,223,1,0,5 6 7,2,10,,228,1,0,5 6 7,2,50,,217,1,0,5 6 7,2,10,,216,1,0,5 6 7,2,10,,226,1,0,5 6 7,2,10,,219,1,0,5 6 7,2,10,,221,1,0,5 6 7,2,10,,224,1,0,5 6 7,2,50,,215,1,0,5 6 7,2,10,,225,1,0,5 6 7,2,10,,229,1,0,5 6 7,2,10,,218,1,0,5 6 7,2,15,,227,1,0,5 6 7,2
30402,'2',2622,,230,1,0,5 6 7,2,10,,231,1,0,5 6 7,2,10,,244,1,0,5 6 7,2,10,,237,1,0,5 6 7,2,50,,242,1,0,5 6 7,2,10,,240,1,0,5 6 7,2,10,,234,1,0,5 6 7,2,10,,239,1,0,5 6 7,2,10,,236,1,0,5 6 7,2,10,,235,1,0,5 6 7,2,50,,238,1,0,5 6 7,2,10,,241,1,0,5 6 7,2,10,,243,1,0,5 6 7,2,10,,233,1,0,5 6 7,2,10,,245,1,0,5 6 7,2,10,,232,1,0,5 6 7,2,55,,246,1,0,5 6 7,2
30402,'3',523,,271,1,0,5 6 7,2,14,,270,1,0,5 6 7,2,14,,272,1,0,5 6 7,2,54,,268,1,0,5 6 7,2,14,,267,1,0,5 6 7,2,14,,273,1,0,5 6 7,2,14,,275,1,0,5 6 7,2,54,,266,1,0,5 6 7,2,14,,264,1,0,5 6 7,2,1901,,248,1,0,5 6 7,2,10,,276,1,0,5 6 7,2,10,,274,1,0,5 6 7,2,10,,254,1,0,5 6 7,2,10,,251,1,0,5 6 7,2,50,,257,1,0,5 6 7,2,10,,253,1,0,5 6 7,2,10,,259,1,0,5 6 7,2,10,,255,1,0,5 6 7,2,10,,262,1,0,5 6 7,2,10,,247,1,0,5 6 7,2,50,,263,1,0,5 6 7,2,10,,252,1,0,5 6 7,2,10,,265,1,0,5 6 7,2,10,,250,1,0,5 6 7,2,10,,277,1,0,5 6 7,2,10,,249,1,0,5 6 7,2
30402,'5',2616,,287,1,0,5 6 7,2,10,,288,1,0,5 6 7,2,10,,279,1,0,5 6 7,2,10,,290,1,0,5 6 7,2,10,,282,1,0,5 6 7,2,50,,294,1,0,5 6 7,2,10,,292,1,0,5 6 7,2,10,,291,1,0,5 6 7,2,10,,283,1,0,5 6 7,2,10,,281,1,0,5 6 7,2,10,,285,1,0,5 6 7,2,50,,286,1,0,5 6 7,2,10,,278,1,0,5 6 7,2,10,,280,1,0,5 6 7,2,10,,293,1,0,5 6 7,2,10,,284,1,0,5 6 7,2,10,,289,1,0,5 6 7,2
50401,'1',946,,3095,1,,,2,1,,2954,1,,,2,1680,,3035,1,,,2,19,,3066,1,,,2,1,,2999,1,,,2,10,,2957,1,,,2
50401,'2',2611,,3216,1,,,2,5,,3234,1,,,2,10,,3143,1,,,2,18,,3173,1,,,2,2,,3136,1,,,2,10,,3139,1,,,2,47,,3119,1,,,2
50401,'3',2614,,3374,1,,,2,10,,3392,1,,,2,10,,3316,1,,,2,10,,3327,1,,,2,10,,3355,1,,,2
50401,'5',2614,,3429,1,,,2,10,,3467,1,,,2,10,,3483,1,,,2,10,,3482,1,,,2,10,,3463,1,,,2
50402,'1',456,,3585,6,4,,2,51,,3601,6,4,,2,6,,3672,6,4,,2,6,,3605,6,4,,2,4,,3611,6,4,,2,6,,3619,6,4,,2,3,,3641,6,4,,2,5,,3680,6,4,,2,5,,3713,6,4,,2,195,,3616,6,4,,2,1,,3656,6,4,,2,84,,3716,1,,,2,20,,3687,1,,,2,60,,3671,1,,,2,20,,3659,1,,,2,23,,3710,1,,,2
50402,'2',503,,3789,6,4,,2,6,,3808,1,0,5 6 7 8 21 3 14,2,2,,3825,6,4,,2,4,,3850,6,4,,2,6,,3854,6,4,,2,5,,3860,6,4,,2,5,,3752,6,4,,2,5,,3802,6,4,,2,5,,3740,6,4,,2,5,,3793,6,4,,2
50402,'3',501,,3908,6,4,,2,12,,3903,6,4,,2,13,,4018,6,4,,2,14,,3960,6,4,,2,366,,3922,6,4,,2,2,,3917,6,4,,2,28,,3925,6,4,,2,2,,3905,6,4,,2
50402,'5',501,,4093,6,4,,2,12,,4141,6,4,,2,6,,4166,6,4,,2,7,,4176,6,4,,2,8,,4173,6,4,,2,6,,4062,6,4,,2,8,,4105,6,4,,2,358,,4098,6,4,,2,2,,4142,6,4,,2,28,,4185,6,4,,2,2,,4070,6,4,,2
50802,'1',1622,,6662,1,0,22 23,2,20,,6657,1,0,22 23,2,60,,6659,1,0,22 23,2,20,,6658,1,0,22 23,2,20,,6655,1,0,22 23,2
