30401,'1',2618,,26160,3,0,34,2,10,,26162,3,0,34,2,10,,26149,3,0,34,2,10,,26152,3,0,34,2,10,,26153,3,0,34,2,50,,26155,3,0,34,2,10,,26145,3,0,34,2,10,,26150,3,0,34,2,10,,26148,3,0,34,2,10,,26159,3,0,34,2,10,,24703,3,0,34,2,50,,26146,3,0,34,2,10,,26156,3,0,34,2,10,,26161,3,0,34,2,10,,26151,3,0,34,2,15,,26154,3,0,34,2,50,,26144,3,,,2,10,,26165,3,,,2,10,,26143,3,,,2,10,,26157,3,,,2,5,,26164,3,,,2
30401,'2',2625,,26170,3,0,34,2,10,,26174,3,0,34,2,10,,26187,3,0,34,2,10,,26182,3,0,34,2,50,,26167,3,0,34,2,10,,26178,3,0,34,2,10,,26169,3,0,34,2,10,,26176,3,0,34,2,10,,26177,3,0,34,2,10,,26186,3,0,34,2,50,,26181,3,0,34,2,10,,26180,3,0,34,2,10,,26173,3,0,34,2,10,,26183,3,0,34,2,10,,26179,3,0,34,2,12,,26188,3,0,34,2,50,,26168,3,,,2,10,,26185,3,,,2,5,,26166,3,,,2,5,,26172,3,,,2,10,,26171,3,,,2,10,,20660,3,,,2,53,,26184,3,,,2
30401,'3',515,,26205,3,0,31,2,14,,26196,3,0,31,2,14,,26232,3,0,31,2,14,,26220,3,0,31,2,54,,26213,3,0,31,2,14,,26215,3,0,31,2,14,,26230,3,0,31,2,14,,26233,3,0,31,2,54,,26206,3,0,31,2,14,,26191,3,0,31,2,14,,26202,3,0,31,2,14,,26198,3,0,31,2,54,,26212,3,0,31,2,1814,,26189,3,,,2,10,,26192,3,0,34,2,10,,26204,3,0,34,2,10,,26231,3,0,34,2,10,,26216,3,0,34,2,50,,26194,3,0,34,2,10,,26234,3,0,34,2,10,,26227,3,0,34,2,10,,26219,3,0,34,2,10,,26197,3,0,34,2,10,,26228,3,0,34,2,50,,26214,3,0,34,2,10,,26211,3,0,34,2,10,,24260,3,0,34,2,10,,26193,3,0,34,2,10,,26209,3,0,34,2,10,,26225,3,,,2,50,,26199,3,,,2,10,,26190,3,,,2
30401,'5',2627,,26236,3,0,34,2,10,,26246,3,0,34,2,10,,26243,3,0,34,2,10,,26245,3,0,34,2,50,,26238,3,0,34,2,10,,26242,3,0,34,2,10,,26239,3,0,34,2,10,,26251,3,0,34,2,10,,26248,3,0,34,2,10,,26253,3,0,34,2,50,,26252,3,0,34,2,10,,26240,3,0,34,2,10,,26237,3,0,34,2,10,,17707,3,0,34,2,10,,26244,3,0,34,2,10,,26247,3,,,2,50,,26249,3,,,2,10,,26250,3,,,2
30501,'1',2501,,26375,3,0,34,2,20,,26385,3,0,34,2,15,,26374,3,0,34,2,15,,26382,3,0,34,2,55,,26386,3,0,34,2,10,,26380,3,0,34,2,10,,26378,3,0,34,2,20,,26377,3,0,34,2,10,,26381,3,0,34,2,50,,26383,3,0,34,2,20,,26387,3,0,34,2,20,,26388,3,0,34,2,60,,26376,3,0,34,2,30,,26384,3,0,34,2,70,,26379,3,0,34,2
30501,'2',2513,,26392,3,0,34,2,6,,26391,3,0,34,2,2,,26399,3,0,34,2,15,,26400,3,0,34,2,10,,26396,3,0,34,2,10,,26393,3,0,34,2,60,,26397,3,0,34,2,20,,26389,3,0,34,2,20,,26395,3,0,34,2,60,,26394,3,0,34,2,20,,26403,3,0,34,2,20,,26401,3,0,34,2,70,,26398,3,0,34,2,8,,26390,3,0,34,2,22,,26404,3,0,34,2,70,,26402,3,0,34,2
30501,'3',519,,26421,3,0,34,2,15,,26432,3,0,34,2,15,,26420,3,0,34,2,54,,26427,3,0,34,2,16,,26419,3,0,34,2,15,,26407,3,0,34,2,15,,19402,3,0,34,2,55,,26431,3,0,34,2,15,,26411,3,0,34,2,10,,26414,3,0,34,2,10,,26436,3,0,34,2,10,,19219,3,0,34,2,10,,26424,3,0,34,2,1749,,26438,3,0,34,2,10,,26428,3,0,34,2,10,,26435,3,0,34,2,10,,26412,3,0,34,2,12,,26426,3,0,34,2,60,,25671,3,0,34,2,7,,26430,3,0,34,2,13,,26417,3,0,34,2,20,,26408,3,0,34,2,50,,26405,3,0,34,2,30,,26434,3,0,34,2,70,,26410,3,0,34,2,8,,26423,3,0,34,2,22,,26406,3,0,34,2,20,,26422,3,0,34,2
30501,'5',2508,,26442,3,0,34,2,11,,26445,3,0,34,2,9,,26443,3,0,34,2,10,,26453,3,0,34,2,12,,26444,3,0,34,2,57,,26446,3,0,34,2,6,,26447,3,0,34,2,17,,26441,3,0,34,2,20,,26448,3,0,34,2,60,,26449,3,0,34,2,20,,26452,3,0,34,2,27,,26439,3,0,34,2,51,,26450,3,0,34,2,22,,26451,3,0,34,2,70,,26440,3,0,34,2
50401,'1',503,,29252,3,0,46 43 44 3 45,2,15,,29366,3,0,46 43 44 3 45,2,10,,29209,3,0,46 43 44 3 45,2,10,,29329,3,0,46 43 44 3 45,2
50401,'2',451,,29563,3,0,46 43 44 3 45,2,60,,29472,3,0,46 43 44 3 45,2,15,,29449,3,0,46 43 44 3 45,2,15,,29387,3,0,46 43 44 3 45,2,10,,29615,3,0,46 43 44 3 45,2
50401,'5',515,,29918,3,0,46 43 44 3 45,2,14,,30102,3,0,46 43 44 3 45,2,14,,30026,3,0,46 43 44 3 45,2
