500,0,'Kennedy Sta',5
501,0,'Mt Dennis Sta',5
600,0,'Finch West Sta',6
601,0,'Humber College',6
30101,1,'E',301
30102,1,'W',301
30401,1,'E',304
30402,1,'W',304
30501,1,'E',305
30502,1,'W',305
30601,1,'E',306
30602,1,'W',306
31003,1,'N',310
31004,1,'S',310
50101,1,'E',501
50102,1,'W',501
50301,1,'E',503
50302,1,'W',503
50401,1,'E',504
50402,1,'W',504
50501,1,'E',505
50502,1,'W',505
50601,1,'E',506
50602,1,'W',506
50701,1,'E',507
50702,1,'W',507
50801,1,'E',508
50802,1,'W',508
50901,1,'E',509
50902,1,'W',509
51003,1,'N',510
51004,1,'S',510
51103,1,'N',511
51104,1,'S',511
51201,1,'E',512
51202,1,'W',512
