30101,'1',2625,,17,16,4,,2,30,,16,16,4,,2,70,,25,16,4,,2,30,,19,16,4,,2,70,,12,16,4,,2,30,,6,16,4,,2
30101,'2',2632,,33,16,4,,2,70,,44,16,4,,2,30,,38,16,4,,2,70,,41,16,4,,2,30,,37,16,4,,2,70,,36,16,4,,2
30101,'3',2628,,71,16,4,,2,30,,49,16,4,,2,70,,60,16,4,,2,30,,53,16,4,,2,70,,69,16,4,,2,30,,54,16,4,,2
30101,'5',2628,,86,16,4,,2,30,,72,16,4,,2,70,,79,16,4,,2,30,,82,16,4,,2,70,,88,16,4,,2,30,,81,16,4,,2
30501,'1',2544,,300,42,4,,2,60,,299,42,4,,2,15,,303,42,4,,2,15,,309,42,4,,2,15,,305,42,4,,2,60,,296,42,4,,2,20,,297,42,4,,2,20,,308,42,4,,2,60,,298,42,4,,2,20,,307,42,4,,2
30501,'2',2556,,321,42,4,,2,48,,320,42,4,,2,15,,311,42,4,,2,20,,315,42,4,,2,20,,324,42,4,,2,60,,319,42,4,,2,20,,312,42,4,,2,20,,314,42,4,,2,60,,317,42,4,,2,20,,318,42,4,,2,70,,322,42,4,,2,30,,316,42,4,,2
30501,'3',2551,,327,42,4,,2,50,,336,42,4,,2,10,,329,42,4,,2,10,,332,42,4,,2,12,,331,42,4,,2,20,,326,42,4,,2,60,,333,42,4,,2,20,,337,42,4,,2,10,,328,42,4,,2,70,,334,42,4,,2,30,,338,42,4,,2,70,,335,42,4,,2,20,,339,42,4,,2
30501,'5',2551,,345,42,4,,2,51,,351,42,4,,2,9,,344,42,4,,2,10,,349,42,4,,2,12,,352,42,4,,2,17,,342,42,4,,2,63,,340,42,4,,2,20,,354,42,4,,2,20,,341,42,4,,2,60,,343,42,4,,2,27,,350,42,4,,2,73,,353,42,4,,2,30,,347,42,4,,2
50501,'1',417,,4218,8,4,,2,11,,4311,8,4,,2,5,,4293,8,4,,2,5,,4249,8,4,,2,10,,4294,8,4,,2,10,,4247,8,4,,2,50,,4379,8,4,,2,10,,4245,8,4,,2,11,,4302,8,4,,2,11,,4203,8,4,,2,12,,4241,8,4,,2,7,,4295,8,4,,2,50,,4260,41,4,,2,12,,4279,41,4,,2,10,,4238,41,4,,2
50501,'2',453,,4526,8,4,,2,6,,4558,8,4,,2,50,,4427,8,4,,2,10,,4421,8,4,,2,10,,4450,8,4,,2,10,,4395,8,4,,2,10,,4511,8,4,,2,52,,4501,41,4,,2,15,,4527,41,4,,2,10,,4399,41,4,,2,10,,4493,41,4,,2
50501,'5',443,,4832,8,4,,2,62,,4745,8,4,,2,15,,4743,8,4,,2,15,,4776,8,4,,2,15,,4787,8,4,,2,53,,4826,41,4,,2,21,,4722,41,4,,2,15,,4839,41,4,,2
