30402,'1',2604,,26263,2,0,5 6 7,2,10,,26266,2,0,5 6 7,2,10,,26274,2,0,5 6 7,2,10,,26275,2,0,5 6 7,2,10,,26257,2,0,5 6 7,2,10,,26255,2,0,5 6 7,2,50,,26270,2,0,5 6 7,2,10,,26276,2,0,5 6 7,2,10,,26269,2,0,5 6 7,2,10,,26273,2,0,5 6 7,2,10,,26267,2,0,5 6 7,2,10,,26259,2,0,5 6 7,2,50,,26258,2,0,5 6 7,2,10,,26256,2,0,5 6 7,2,10,,26261,2,0,5 6 7,2,10,,26265,2,0,5 6 7,2,6,,26271,2,0,5 6 7,2,11,,26277,2,0,14,2,50,,26268,2,0,14,2,10,,26260,2,0,14,2,10,,26262,2,0,14,2,10,,26272,2,0,14,2,14,,26264,2,0,14,2
30402,'2',2557,,26296,2,0,14,2,50,,26292,2,0,14,2,17,,26300,2,0,5 6 7,2,10,,26281,2,0,5 6 7,2,10,,26299,2,0,5 6 7,2,10,,26295,2,0,5 6 7,2,50,,26301,2,0,5 6 7,2,10,,26298,2,0,5 6 7,2,10,,26294,2,0,5 6 7,2,10,,26297,2,0,5 6 7,2,10,,26280,2,0,5 6 7,2,10,,26293,2,0,5 6 7,2,50,,26287,2,0,5 6 7,2,10,,26284,2,0,5 6 7,2,10,,26289,2,0,5 6 7,2,10,,26278,2,0,5 6 7,2,10,,26290,2,0,5 6 7,2,10,,26282,2,0,5 6 7,2,53,,26279,2,0,5 6 7,2,7,,26286,2,0,14,2,10,,26285,2,0,14,2,10,,26288,2,0,14,2,10,,26291,2,0,14,2,10,,26283,2,0,14,2
30402,'3',501,,26336,2,0,21,2,21,,26324,2,0,21,2,16,,26335,2,0,21,2,13,,26322,2,0,21,2,54,,26333,2,0,21,2,14,,26330,2,0,21,2,14,,26308,2,0,21,2,14,,26325,2,0,21,2,54,,26351,2,0,21,2,14,,26310,2,0,21,2,14,,26331,2,0,21,2,14,,26314,2,0,21,2,14,,26321,2,0,21,2,1870,,26319,2,0,5 6 7,2,10,,26327,2,0,5 6 7,2,10,,26352,2,0,5 6 7,2,10,,26346,2,0,5 6 7,2,50,,26347,2,0,5 6 7,2,10,,26338,2,0,5 6 7,2,10,,26341,2,0,5 6 7,2,10,,26328,2,0,5 6 7,2,10,,26326,2,0,5 6 7,2,10,,26302,2,0,5 6 7,2,50,,26306,2,0,5 6 7,2,11,,26323,2,0,5 6 7,2,4,,26334,2,0,14,2,10,,26343,2,0,14,2,10,,19920,2,0,14,2,10,,26305,2,0,14,2,50,,26312,2,0,14,2,10,,26348,2,0,14,2,10,,12792,2,0,14,2,10,,26340,2,0,14,2,10,,26313,2,0,14,2
30402,'5',2627,,26358,2,0,5 6 7,2,10,,26367,2,0,5 6 7,2,10,,26361,2,0,5 6 7,2,10,,26372,2,0,5 6 7,2,50,,26364,2,0,5 6 7,2,10,,26370,2,0,5 6 7,2,10,,26356,2,0,5 6 7,2,10,,26365,2,0,5 6 7,2,10,,26363,2,0,5 6 7,2,10,,26355,2,0,5 6 7,2,50,,26359,2,0,5 6 7,2,11,,26362,2,0,5 6 7,2,4,,26354,2,0,14,2,10,,26368,2,0,14,2,10,,26369,2,0,14,2,10,,26360,2,0,14,2,50,,26366,2,0,14,2,10,,26373,2,0,14,2,10,,26371,2,0,14,2,10,,26357,2,0,14,2,10,,26353,2,0,14,2
30502,'1',2513,,26464,2,0,5 41,2,20,,26454,2,0,5 41,2,20,,26465,2,0,5 41,2,60,,26455,2,0,5 41,2,20,,26459,2,0,5 41,2,4,,26462,2,,,2,16,,26461,2,0,5 41,2,60,,26463,2,0,5 41,2,30,,26460,2,0,5 41,2,15,,26457,2,,,2,55,,26458,2,0,5 41,2,20,,26456,2,,,2
30502,'2',2503,,26477,2,0,5 41,2,5,,26469,2,,,2,6,,26474,2,,,2,9,,26470,2,0,5 41,2,20,,26471,2,0,5 41,2,10,,26467,2,,,2,50,,26478,2,0,5 41,2,4,,26479,2,,,2,16,,26468,2,0,5 41,2,20,,26482,2,0,5 41,2,60,,26473,2,0,5 41,2,20,,26481,2,0,5 41,2,20,,26476,2,0,5 41,2,60,,26472,2,0,5 41,2,30,,26466,2,0,5 41,2,9,,26475,2,,,2,70,,26480,2,,,2,30,,26483,2,,,2
30502,'3',450,,26505,2,0,5 41,2,57,,26484,2,0,5 41,2,17,,26503,2,0,5 41,2,15,,22819,2,0,5 41,2,15,,26515,2,0,5 41,2,55,,26501,2,0,5 41,2,10,,26492,2,0,5 41,2,10,,26486,2,0,5 41,2,10,,26516,2,0,5 41,2,10,,26496,2,0,5 41,2,10,,26513,2,0,5 41,2,50,,26510,2,0,5 41,2,10,,26508,2,0,5 41,2,10,,26498,2,0,5 41,2,10,,25735,2,0,5 41,2,1768,,26512,2,0,5 41,2,10,,26506,2,0,5 41,2,5,,26497,2,,,2,15,,26502,2,0,5 41,2,11,,26488,2,,,2,9,,26490,2,0,5 41,2,50,,26509,2,0,5 41,2,11,,26507,2,,,2,6,,26487,2,,,2,13,,26504,2,0,5 41,2,20,,26489,2,0,5 41,2,60,,26511,2,0,5 41,2,20,,26499,2,0,5 41,2,20,,26485,2,0,5 41,2,60,,26491,2,,,2,30,,26500,2,,,2,70,,26494,2,,,2,20,,26493,2,,,2
30502,'5',2507,,26531,2,0,5 41,2,10,,26527,2,0,5 41,2,10,,26529,2,,,2,10,,26528,2,0,5 41,2,20,,26521,2,0,5 41,2,60,,26533,2,0,5 41,2,5,,26522,2,,,2,5,,26530,2,,,2,10,,26520,2,0,5 41,2,20,,26526,2,0,5 41,2,60,,26532,2,0,5 41,2,20,,26523,2,0,5 41,2,70,,26524,2,0,5 41,2,9,,26525,2,,,2,30,,26517,2,,,2,70,,26518,2,,,2,30,,26519,2,,,2
50402,'1',449,,30267,2,0,21,2,10,,30300,2,0,21,2,50,,30214,2,0,21,2,10,,18833,2,0,21,2,10,,30224,2,0,21,2,10,,30361,2,0,21,2,10,,30187,2,0,21,2
50402,'2',501,,30599,2,0,21,2,15,,30427,2,0,21,2,10,,30470,2,0,21,2,10,,30653,2,0,21,2,10,,30569,2,0,21,2
50402,'5',537,,31115,2,0,21,2,14,,31098,2,0,21,2
50502,'1',421,,31851,2,0,5 41,2,13,,31821,2,0,5 41,2,5,,31907,2,0,5 41,2,5,,31938,2,0,5 41,2,10,,31939,2,0,5 41,2,50,,31913,2,0,5 41,2,10,,31810,2,0,5 41,2,10,,31849,2,0,5 41,2,10,,31846,2,0,5 41,2,10,,31976,2,0,5 41,2
50502,'2',457,,32151,2,0,5 41,2,46,,31992,2,0,5 41,2,10,,32104,2,0,5 41,2,10,,32105,2,0,5 41,2,10,,32080,2,0,5 41,2,10,,32149,2,0,5 41,2,10,,32043,2,0,5 41,2
50502,'5',447,,32370,2,0,5 41,2,62,,32451,2,0,5 41,2,15,,32364,2,0,5 41,2,15,,32401,2,0,5 41,2,15,,32405,2,0,5 41,2
