'1',30102,261910,0,'Humber',2,2190,0,'Humber',2,6000,0,'Humber',2,2000,0,'Humber',2,2000,0,'Humber',2,6000,0,'Humber',2,2000,0,'Humber',2,2000,0,'Humber',2,6000,0,'Humber',2,2000,0,'Humber',2,2000,0,'Humber',2
'2',30102,261910,0,'Humber',2,2190,0,'Humber',2,6000,0,'Humber',2,2000,0,'Humber',2,2000,0,'Humber',2,6000,0,'Humber',2,2000,0,'Humber',2,2000,0,'Humber',2,6000,0,'Humber',2,2000,0,'Humber',2,2000,0,'Humber',2
'3',30102,261240,0,'Humber',2,1700,0,'Humber',2,1160,0,'Humber',2,6000,0,'Humber',2,2000,0,'Humber',2,2000,0,'Humber',2,8000,0,'Humber',2,2000,0,'Humber',2,6000,0,'Humber',2,2000,0,'Humber',2,2000,0,'Humber',2
'4',30102,262440,0,'Humber',2,1660,0,'Humber',2,6000,0,'Humber',2,2000,0,'Humber',2,2000,0,'Humber',2,6000,0,'Humber',2,2000,0,'Humber',2,2000,0,'Humber',2,6000,0,'Humber',2,2000,0,'Humber',2,2000,0,'Humber',2
'1',50102,223120,0,'Long Branch',2,900,0,'Long Branch',2,1000,0,'Long Branch',2,5000,0,'Long Branch',2,1000,0,'Long Branch',2,1000,0,'Long Branch',2,1000,0,'Long Branch',2,1000,0,'Long Branch',2,1000,0,'Long Branch',2,5000,0,'Long Branch',2,1000,0,'Long Branch',2,1000,0,'Long Branch',2,1000,0,'Long Branch',2,1000,0,'Long Branch',2,1000,0,'Long Branch',2,5000,0,'Long Branch',2,1000,0,'Long Branch',2,1000,0,'Long Branch',2,1000,0,'Long Branch',2,1000,0,'Long Branch',2,1000,0,'Long Branch',2,5500,0,'Long Branch',2
'2',50102,223120,0,'Long Branch',2,900,0,'Long Branch',2,1000,0,'Long Branch',2,5000,0,'Long Branch',2,1000,0,'Long Branch',2,1000,0,'Long Branch',2,1000,0,'Long Branch',2,1000,0,'Long Branch',2,1000,0,'Long Branch',2,5000,0,'Long Branch',2,1000,0,'Long Branch',2,1000,0,'Long Branch',2,1000,0,'Long Branch',2,1000,0,'Long Branch',2,1000,0,'Long Branch',2,5000,0,'Long Branch',2,1000,0,'Long Branch',2,1000,0,'Long Branch',2,1000,0,'Long Branch',2,1000,0,'Long Branch',2,1000,0,'Long Branch',2,5500,0,'Long Branch',2
'3',50102,223620,0,'Long Branch',2,1000,0,'Long Branch',2,1000,0,'Long Branch',2,5000,0,'Long Branch',2,1000,0,'Long Branch',2,1000,0,'Long Branch',2,1000,0,'Long Branch',2,1000,0,'Long Branch',2,1000,0,'Long Branch',2,5000,0,'Long Branch',2,1000,0,'Long Branch',2,1000,0,'Long Branch',2,1000,0,'Long Branch',2,1000,0,'Long Branch',2,1000,0,'Long Branch',2,5000,0,'Long Branch',2,1000,0,'Long Branch',2,1000,0,'Long Branch',2,1200,0,'Long Branch',2,1200,0,'Long Branch',2,5000,0,'Long Branch',2
'4',50102,224000,0,'Long Branch',2,1000,0,'Long Branch',2,5000,0,'Long Branch',2,1000,0,'Long Branch',2,1000,0,'Long Branch',2,1000,0,'Long Branch',2,1000,0,'Long Branch',2,1000,0,'Long Branch',2,5000,0,'Long Branch',2,1000,0,'Long Branch',2,1000,0,'Long Branch',2,1000,0,'Long Branch',2,1000,0,'Long Branch',2,1000,0,'Long Branch',2,5000,0,'Long Branch',2,1000,0,'Long Branch',2,1000,0,'Long Branch',2,1000,0,'Long Branch',2,1000,0,'Long Branch',2,1000,0,'Long Branch',2,5000,0,'Long Branch',2,1000,0,'Long Branch',2
'1',50402,85530,0,'',2,5080,0,'',2,920,0,'',2,780,0,'',2,920,0,'',2,1080,0,'',2,600,0,'',2,5400,0,'',2,800,0,'',2,1000,0,'',2,1000,0,'',2,1000,0,'',2,1000,0,'',2,5000,0,'',2,1000,0,'',2,1000,0,'',2,1000,0,'',2,1000,0,'',2,1000,0,'',2,5000,0,'',2,1000,0,'',2,1000,0,'',2,1000,0,'',2,1000,0,'',2,1200,0,'',2,5200,0,'',2,1000,0,'',2,1000,0,'',2,1000,0,'',2,730,0,'',2,1000,0,'',2,5000,0,'',2,1000,0,'',2,1000,0,'',2,1000,0,'',2,1000,0,'',2,1000,0,'',2,5000,0,'',2,1000,0,'',2,1000,0,'',2,1000,0,'',2,1000,0,'',2,1000,0,'',2,5000,0,'',2,1000,0,'',2,1000,0,'',2,1000,0,'',2,1000,0,'',2,1000,0,'',2,5000,0,'',2,1000,0,'',2,1000,0,'',2,1000,0,'',2,1000,0,'',2,1000,0,'',2,5000,0,'',2,1000,0,'',2,1000,0,'',2,1000,0,'',2,1000,0,'',2,1000,0,'',2,5000,0,'',2,1000,0,'',2,1000,0,'',2,770,0,'',2,800,0,'',2,800,0,'',2,1000,0,'',2,5000,0,'',2,1000,0,'',2,1000,0,'',2,1000,0,'',2,1300,0,'',2,1000,0,'',2,5000,0,'',2,1000,0,'',2,1000,0,'',2,1000,0,'',2,1000,0,'',2
'2',50402,45610,0,'',2,6000,0,'',2,2000,0,'',2,1300,0,'',2,1020,0,'',2,6000,0,'',2,1480,0,'',2,520,0,'',2,2000,0,'',2,5480,0,'',2,520,0,'',2,2000,0,'',2,2000,0,'',2,4980,0,'',2,420,0,'',2,980,0,'',2,420,0,'',2,1400,0,'',2,1400,0,'',2,5080,0,'',2,920,0,'',2,780,0,'',2,920,0,'',2,1080,0,'',2,600,0,'',2,5400,0,'',2,800,0,'',2,1000,0,'',2,1000,0,'',2,1000,0,'',2,1000,0,'',2,5000,0,'',2,1000,0,'',2,1000,0,'',2,1000,0,'',2,1000,0,'',2,1000,0,'',2,5000,0,'',2,1000,0,'',2,1000,0,'',2,1000,0,'',2,1000,0,'',2,1200,0,'',2,5200,0,'',2,1000,0,'',2,1000,0,'',2,1000,0,'',2,730,0,'',2,1000,0,'',2,5000,0,'',2,1000,0,'',2,1000,0,'',2,1000,0,'',2,1000,0,'',2,1000,0,'',2,5000,0,'',2,1000,0,'',2,1000,0,'',2,1000,0,'',2,1000,0,'',2,1000,0,'',2,5000,0,'',2,1000,0,'',2,1000,0,'',2,1000,0,'',2,1000,0,'',2,1000,0,'',2,5000,0,'',2,1000,0,'',2,1000,0,'',2,1000,0,'',2,1000,0,'',2,1000,0,'',2,5000,0,'',2,1000,0,'',2,1000,0,'',2,1000,0,'',2,1000,0,'',2,1000,0,'',2,5000,0,'',2,1000,0,'',2,1000,0,'',2,770,0,'',2,800,0,'',2,800,0,'',2,1000,0,'',2,5000,0,'',2,1000,0,'',2,1000,0,'',2,1000,0,'',2,1300,0,'',2,1000,0,'',2,5000,0,'',2,1000,0,'',2,1000,0,'',2,1000,0,'',2,1000,0,'',2
'3',50402,45310,0,'',2,4800,0,'',2,800,0,'',2,800,0,'',2,800,0,'',2,800,0,'',2,800,0,'',2,800,0,'',2,800,0,'',2,200,0,'',2,4320,0,'',2,800,0,'',2,800,0,'',2,800,0,'',2,800,0,'',2,800,0,'',2,1100,0,'',2,4720,0,'',2,360,0,'',2,1190,0,'Dufferin',2,800,0,'Dufferin',2,800,0,'Dufferin',2,800,0,'Dufferin',2,800,0,'Dufferin',2,800,0,'Dufferin',2,4800,0,'Dufferin',2,800,0,'Dufferin',2,800,0,'Dufferin',2,800,0,'Dufferin',2,900,0,'Dufferin',2,1200,0,'Dufferin',2,800,0,'Dufferin',2,4800,0,'Dufferin',2,800,0,'Dufferin',2,800,0,'Dufferin',2,800,0,'Dufferin',2,800,0,'Dufferin',2,800,0,'Dufferin',2,800,0,'Dufferin',2,4800,0,'Dufferin',2,800,0,'Dufferin',2,1140,0,'',2,800,0,'',2,800,0,'',2,800,0,'',2,800,0,'',2,5600,0,'',2,800,0,'',2,700,0,'',2,1000,0,'',2,1000,0,'',2,1000,0,'',2,5000,0,'',2,1000,0,'',2,1000,0,'',2,1000,0,'',2,1000,0,'',2,1000,0,'',2,5000,0,'',2,1000,0,'',2,1000,0,'',2,1000,0,'',2,1000,0,'',2,1000,0,'',2,5000,0,'',2,1000,0,'',2,1000,0,'',2,1000,0,'',2,1000,0,'',2,1000,0,'',2,5000,0,'',2,1000,0,'',2,1000,0,'',2,1000,0,'',2,1000,0,'',2,1000,0,'',2,5200,0,'',2,1000,0,'',2,1270,0,'Dufferin',2,1000,0,'Dufferin',2,1000,0,'Dufferin',2,1000,0,'Dufferin',2,5000,0,'Dufferin',2,600,0,'Dufferin',2,700,0,'Dufferin',2,1300,0,'Dufferin',2,1200,0,'Dufferin',2,1000,0,'Dufferin',2,5000,0,'Dufferin',2,1000,0,'Dufferin',2,1000,0,'Dufferin',2,1000,0,'Dufferin',2,1000,0,'Dufferin',2,1000,0,'Dufferin',2,5000,0,'Dufferin',2,1000,0,'Dufferin',2,1000,0,'Dufferin',2,1000,0,'Dufferin',2,1000,0,'Dufferin',2,700,0,'Dufferin',2,5400,0,'Dufferin',2,800,0,'',2,1000,0,'',2,1000,0,'',2,1000,0,'',2,1000,0,'',2,4700,0,'',2,1300,0,'',2,1600,0,'',2,1000,0,'',2,1000,0,'',2,5000,0,'',2,1200,0,'',2
'4',50402,45910,0,'',2,5000,0,'',2,1000,0,'',2,1000,0,'',2,620,0,'',2,1380,0,'',2,600,0,'',2,320,0,'',2,5000,0,'',2,1000,0,'',2,1000,0,'',2,1000,0,'',2,1000,0,'',2,1000,0,'',2,5000,0,'',2,1000,0,'',2,1000,0,'',2,1000,0,'',2,1000,0,'',2,5200,0,'',2,1300,0,'',2,520,0,'',2,760,0,'',2,1300,0,'',2,1000,0,'',2,1000,0,'',2,5000,0,'',2,1000,0,'',2,1000,0,'',2,1000,0,'',2,1000,0,'',2,1000,0,'',2,5200,0,'',2,1200,0,'',2,1000,0,'',2,1000,0,'',2,1000,0,'',2,5000,0,'',2,1000,0,'',2,1000,0,'',2,1000,0,'',2,1000,0,'',2,1000,0,'',2,5000,0,'',2,1200,0,'',2,310,0,'',2,890,0,'',2,1230,0,'',2,1200,0,'',2,5000,0,'',2,1000,0,'',2,1000,0,'',2,1000,0,'',2,1000,0,'',2,1000,0,'',2,5000,0,'',2,1000,0,'',2,900,0,'',2,1000,0,'',2,1000,0,'',2,1000,0,'',2,5000,0,'',2,1000,0,'',2,1000,0,'',2,1000,0,'',2,1000,0,'',2,1000,0,'',2,5000,0,'',2,1000,0,'',2,1000,0,'',2,1000,0,'',2,1000,0,'',2,1000,0,'',2,5000,0,'',2,1000,0,'',2,1000,0,'',2,1000,0,'',2,1000,0,'',2,1000,0,'',2,5000,0,'',2,1000,0,'',2,1000,0,'',2,1000,0,'',2,1000,0,'',2,1000,0,'',2,5000,0,'',2,1000,0,'',2,1000,0,'',2,1000,0,'',2,700,0,'',2,770,0,'',2,1000,0,'',2,5000,0,'',2,1000,0,'',2,1000,0,'',2,1000,0,'',2,1000,0,'',2,1000,0,'',2,5000,0,'',2,1000,0,'',2,1100,0,'',2,1000,0,'',2,1000,0,'',2,1000,0,'',2
'3',50802,61000,0,'Long Branch',2,2000,0,'Long Branch',2,2000,0,'Long Branch',2,6000,0,'Long Branch',2,2000,0,'Long Branch',2,97400,0,'Long Branch',2,2000,0,'Long Branch',2,2000,0,'Long Branch',2,6000,0,'Long Branch',2,2000,0,'Long Branch',2
