30101,'1',2509,,25999,1,0,16 40,1,15,,26000,1,0,16 40,1,7,,26004,1,0,17,1,8,,25998,1,0,16 40,1,8,,26005,1,0,17,1,12,,25997,1,0,16 40,1,48,,26006,1,0,17,1,13,,25996,1,0,16 40,1,9,,26007,1,0,17,1,10,,25995,1,0,16 40,1,20,,25994,1,0,16 40,1,60,,25993,1,0,16 40,1,20,,25992,1,0,16 40,1,20,,25991,1,0,16 40,1,60,,26001,1,0,16 40,1,15,,25990,1,0,17,1,20,,25989,1,0,17,1,60,,25988,1,0,17,1,20,,25987,1,0,17,1,20,,25986,1,0,17,1
30101,'2',2513,,26008,1,0,16 40,1,10,,26021,1,0,17,1,10,,26009,1,0,16 40,1,20,,26010,1,0,16 40,1,5,,26024,1,0,17,1,45,,26023,1,0,17,1,10,,26011,1,0,16 40,1,10,,26022,1,0,17,1,10,,26012,1,0,16 40,1,20,,26013,1,0,16 40,1,60,,26014,1,0,16 40,1,20,,26015,1,0,16 40,1,20,,26020,1,0,16 40,1,64,,26019,1,0,16 40,1,13,,26016,1,0,17,1,20,,26017,1,0,17,1,51,,26018,1,0,17,1
30101,'3',2508,,26038,1,0,17,1,5,,26025,1,0,16 40,1,20,,26026,1,0,16 40,1,10,,26039,1,0,17,1,10,,26027,1,0,16 40,1,50,,26041,1,0,17,1,10,,26028,1,0,16 40,1,10,,26040,1,0,17,1,10,,26029,1,0,16 40,1,20,,26030,1,0,16 40,1,60,,26031,1,0,16 40,1,20,,26032,1,0,16 40,1,20,,26037,1,0,16 40,1,60,,26036,1,0,16 40,1,4,,26033,1,0,17,1,20,,26034,1,0,17,1,20,,26035,1,0,17,1
30101,'4',2508,,26055,1,0,17,1,5,,26042,1,0,16 40,1,20,,26043,1,0,16 40,1,10,,26056,1,0,17,1,10,,26044,1,0,16 40,1,50,,26058,1,0,17,1,10,,26045,1,0,16 40,1,10,,26057,1,0,17,1,10,,26046,1,0,16 40,1,20,,26047,1,0,16 40,1,60,,26048,1,0,16 40,1,20,,26049,1,0,16 40,1,20,,26054,1,0,16 40,1,60,,26053,1,0,16 40,1,4,,26050,1,0,17,1,20,,26051,1,0,17,1,20,,26052,1,0,17,1
30102,'1',2625,,26077,87,4,,1,10,,26079,87,4,,1,10,,26078,87,4,,1,65,,26075,87,4,,1,21,,26076,87,4,,1,9,,26069,87,4,,1,60,,26068,87,4,,1,20,,26063,87,4,,1,20,,26061,87,4,,1,60,,26060,87,4,,1,20,,26059,87,4,,1,20,,26062,87,4,,1
30102,'2',2649,,26093,87,4,,1,10,,26082,87,4,,1,48,,26083,87,4,,1,20,,26090,87,4,,1,25,,26091,87,4,,1,65,,26092,87,4,,1,20,,26084,87,4,,1,20,,26085,87,4,,1
30102,'3',2649,,26108,87,4,,1,10,,26103,87,4,,1,60,,26104,87,4,,1,18,,26105,87,4,,1,20,,26106,87,4,,1,60,,26107,87,4,,1,20,,26115,87,4,,1,20,,26116,87,4,,1
30102,'4',2649,,26135,87,4,,1,10,,26124,87,4,,1,60,,26125,87,4,,1,18,,26132,87,4,,1,20,,26133,87,4,,1,60,,26134,87,4,,1,20,,26126,87,4,,1,20,,26127,87,4,,1
50101,'1',2213,,27089,1,0,16 40,1,11,,27081,1,0,16 40,1,10,,27088,1,0,16 40,1,5,,27173,1,0,17,1,5,,27090,1,0,16 40,1,10,,27085,1,0,16 40,1,50,,27086,1,0,16 40,1,10,,27087,1,0,16 40,1,10,,27091,1,0,16 40,1,10,,27079,1,0,16 40,1,10,,27093,1,0,16 40,1,10,,27083,1,0,16 40,1,50,,27084,1,0,16 40,1,10,,27092,1,0,16 40,1,11,,27080,1,0,16 40,1,7,,27082,1,0,16 40,1,8,,27094,1,0,16 40,1,8,,27174,1,0,17,1,8,,27095,1,0,16 40,1
50101,'2',2203,,27283,1,0,16 40,1,10,,27298,1,0,16 40,1,10,,27299,1,0,16 40,1,10,,27300,1,0,16 40,1,10,,27301,1,0,16 40,1,10,,27302,1,0,16 40,1,50,,27303,1,0,16 40,1,10,,27304,1,0,16 40,1,10,,27305,1,0,16 40,1,10,,27306,1,0,16 40,1,10,,27307,1,0,16 40,1,10,,27308,1,0,16 40,1,50,,27309,1,0,16 40,1,10,,27310,1,0,16 40,1,10,,27311,1,0,16 40,1,10,,27312,1,0,16 40,1,12,,27313,1,0,16 40,1,8,,27316,1,0,17,1,5,,27285,1,0,16 40,1,47,,27315,1,0,17,1
50101,'3',2200,,27369,1,0,16 40,1,13,,27371,1,0,16 40,1,10,,27372,1,0,16 40,1,10,,27373,1,0,16 40,1,10,,27374,1,0,16 40,1,10,,27375,1,0,16 40,1,50,,27376,1,0,16 40,1,10,,27377,1,0,16 40,1,10,,27378,1,0,16 40,1,10,,27379,1,0,16 40,1,10,,27380,1,0,16 40,1,10,,27381,1,0,16 40,1,50,,27382,1,0,16 40,1,10,,27383,1,0,16 40,1,10,,27384,1,0,16 40,1,10,,27385,1,0,16 40,1,8,,27386,1,0,16 40,1,8,,27370,1,0,16 40,1,8,,27450,1,0,17,1
50101,'4',2200,,27465,1,0,16 40,1,13,,27495,1,0,16 40,1,10,,27496,1,0,16 40,1,10,,27497,1,0,16 40,1,10,,27498,1,0,16 40,1,10,,27573,1,0,16 40,1,50,,27574,1,0,16 40,1,10,,27575,1,0,16 40,1,10,,27576,1,0,16 40,1,10,,27577,1,0,16 40,1,10,,27578,1,0,16 40,1,10,,27579,1,0,16 40,1,50,,27580,1,0,16 40,1,10,,27581,1,0,16 40,1,10,,27582,1,0,16 40,1,10,,27583,1,0,16 40,1,8,,27584,1,0,16 40,1,8,,27572,1,0,16 40,1,8,,27585,1,0,17,1
50102,'1',2228,,27692,87,4,,1,12,,27693,87,4,,1,10,,27694,87,4,,1,9,,27695,87,4,,1,50,,27696,87,4,,1,10,,27697,87,4,,1,10,,27698,87,4,,1,9,,27699,87,4,,1,6,,27603,87,4,,1,4,,27609,87,4,,1,10,,27602,87,4,,1,57,,27610,87,4,,1,10,,27709,87,4,,1,10,,27703,87,4,,1,10,,27706,87,4,,1,10,,27707,87,4,,1,50,,27710,87,4,,1,10,,27711,87,4,,1,10,,27704,87,4,,1,10,,27714,87,4,,1,10,,27712,87,4,,1,10,,27713,87,4,,1,50,,27705,87,4,,1,15,,27708,87,4,,1
50102,'2',2220,,27797,87,4,,1,8,,27829,87,4,,1,10,,27830,87,4,,1,10,,27831,87,4,,1,10,,27832,87,4,,1,50,,27833,87,4,,1,10,,27834,87,4,,1,10,,27835,87,4,,1,10,,27836,87,4,,1,10,,27837,87,4,,1,10,,27838,87,4,,1,50,,27839,87,4,,1,10,,27840,87,4,,1,10,,27841,87,4,,1,10,,27842,87,4,,1,10,,27843,87,4,,1,10,,27844,87,4,,1,50,,27845,87,4,,1,10,,27846,87,4,,1,10,,27847,87,4,,1,10,,27848,87,4,,1,10,,27849,87,4,,1,10,,27850,87,4,,1,50,,27851,87,4,,1,10,,27852,87,4,,1,10,,27798,87,4,,1
50102,'3',2232,,27890,87,4,,1,10,,27891,87,4,,1,10,,27892,87,4,,1,50,,27893,87,4,,1,10,,27894,87,4,,1,10,,27895,87,4,,1,10,,27896,87,4,,1,10,,27897,87,4,,1,10,,27898,87,4,,1,50,,27899,87,4,,1,10,,27900,87,4,,1,10,,27901,87,4,,1,10,,27902,87,4,,1,10,,27903,87,4,,1,10,,27904,87,4,,1,50,,27905,87,4,,1,10,,27906,87,4,,1,10,,27907,87,4,,1,10,,27908,87,4,,1,10,,27909,87,4,,1,10,,27910,87,4,,1,50,,27911,87,4,,1,10,,27912,87,4,,1,10,,27987,87,4,,1
50102,'4',2232,,28092,87,4,,1,10,,28093,87,4,,1,10,,28094,87,4,,1,50,,28095,87,4,,1,10,,28096,87,4,,1,10,,28097,87,4,,1,10,,28098,87,4,,1,10,,28099,87,4,,1,10,,28100,87,4,,1,50,,28101,87,4,,1,10,,28102,87,4,,1,10,,28103,87,4,,1,10,,28104,87,4,,1,10,,28105,87,4,,1,10,,28106,87,4,,1,50,,28107,87,4,,1,10,,28108,87,4,,1,10,,28109,87,4,,1,10,,28110,87,4,,1,10,,28111,87,4,,1,10,,28112,87,4,,1,50,,28113,87,4,,1,10,,28114,87,4,,1,10,,28090,87,4,,1
50701,'1',500,,33702,1,0,30,1,13,,33725,1,0,30,1,10,,33788,1,0,30,1,10,,33713,1,0,30,1,10,,33743,1,0,30,1,10,,33755,1,0,30,1,50,,33756,1,0,30,1,10,,33757,1,0,30,1,10,,33758,1,0,30,1,10,,33753,1,0,30,1,10,,33698,1,0,30,1,10,,33699,1,0,30,1,50,,33700,1,0,30,1,10,,33726,1,0,30,1,10,,33759,1,0,30,1,10,,33736,1,0,30,1,10,,33737,1,0,30,1,10,,33738,1,0,30,1,50,,33739,1,0,30,1,10,,33740,1,0,30,1,10,,33741,1,0,30,1,10,,33768,1,0,30,1,10,,33716,1,0,30,1,10,,33769,1,0,30,1,50,,33770,1,0,30,1,10,,33771,1,0,30,1,10,,33772,1,0,30,1,10,,33781,1,0,30,1,10,,33782,1,0,30,1,10,,33750,1,0,30,1,50,,33701,1,0,30,1,10,,33715,1,0,30,1,10,,33717,1,0,30,1,10,,33724,1,0,30,1,10,,33751,1,0,30,1,10,,33790,1,0,30,1,50,,33791,1,0,30,1,10,,33719,1,0,30,1,10,,33720,1,0,30,1,10,,33761,1,0,30,1,10,,33762,1,0,30,1,10,,33763,1,0,30,1,50,,33764,1,0,30,1,10,,33765,1,0,30,1,10,,33797,1,0,30,1,10,,33766,1,0,30,1,10,,33728,1,0,30,1,10,,33775,1,0,30,1,50,,33776,1,0,30,1,10,,33777,1,0,30,1,10,,33778,1,0,30,1,10,,33779,1,0,30,1,10,,33780,1,0,30,1,10,,33729,1,0,30,1,50,,33731,1,0,30,1,10,,33733,1,0,30,1,10,,33727,1,0,30,1,10,,33734,1,0,30,1,10,,33696,1,0,30,1,10,,33703,1,0,30,1,50,,33784,1,0,30,1,10,,33744,1,0,30,1,10,,33745,1,0,30,1,10,,33746,1,0,30,1,10,,33747,1,0,30,1,10,,33748,1,0,30,1,50,,33760,1,0,30,1,10,,33789,1,0,30,1,10,,33752,1,0,30,1,10,,33786,1,0,30,1,10,,33787,1,0,30,1,10,,33767,1,0,30,1,50,,33783,1,0,30,1,10,,33742,1,0,30,1,10,,33735,1,0,30,1,10,,33704,1,0,30,1,10,,33705,1,0,30,1,10,,33706,1,0,30,1,50,,33707,1,0,30,1,10,,33708,1,0,30,1,10,,33709,1,0,30,1,10,,33710,1,0,30,1,10,,33711,1,0,30,1,10,,33712,1,0,30,1,50,,33697,1,0,30,1,10,,33732,1,0,30,1,10,,33785,1,0,30,1,10,,33730,1,0,30,1,10,,33722,1,0,30,1,10,,33723,1,0,30,1,50,,33792,1,0,30,1,10,,33793,1,0,30,1,10,,33794,1,0,30,1,10,,33795,1,0,30,1,10,,33796,1,0,30,1,10,,33718,1,0,30,1,50,,33721,1,0,30,1,10,,33773,1,0,30,1,10,,33774,1,0,30,1,10,,33798,1,0,30,1,10,,33754,1,0,30,1,10,,33749,1,0,30,1,50,,33695,1,0,30,1
50701,'2',500,,33807,1,0,30,1,17,,33828,1,0,30,1,15,,33829,1,0,30,1,10,,33889,1,0,30,1,10,,33888,1,0,30,1,50,,33898,1,0,30,1,10,,33899,1,0,30,1,10,,33830,1,0,30,1,10,,33831,1,0,30,1,10,,33811,1,0,30,1,10,,33812,1,0,30,1,50,,33879,1,0,30,1,10,,33880,1,0,30,1,10,,33881,1,0,30,1,10,,33860,1,0,30,1,10,,33863,1,0,30,1,10,,33864,1,0,30,1,50,,33865,1,0,30,1,10,,33866,1,0,30,1,10,,33867,1,0,30,1,10,,33868,1,0,30,1,10,,33802,1,0,30,1,10,,33849,1,0,30,1,50,,33850,1,0,30,1,10,,33851,1,0,30,1,10,,33852,1,0,30,1,10,,33853,1,0,30,1,10,,33820,1,0,30,1,10,,33822,1,0,30,1,50,,33832,1,0,30,1,10,,33833,1,0,30,1,10,,33834,1,0,30,1,10,,33835,1,0,30,1,10,,33876,1,0,30,1,10,,33874,1,0,30,1,50,,33887,1,0,30,1,10,,33803,1,0,30,1,10,,33895,1,0,30,1,10,,33854,1,0,30,1,10,,33857,1,0,30,1,10,,33858,1,0,30,1,50,,33859,1,0,30,1,10,,33871,1,0,30,1,10,,33872,1,0,30,1,10,,33873,1,0,30,1,10,,33861,1,0,30,1,10,,33882,1,0,30,1,50,,33883,1,0,30,1,10,,33884,1,0,30,1,10,,33885,1,0,30,1,10,,33886,1,0,30,1,10,,33836,1,0,30,1,10,,33878,1,0,30,1,50,,33848,1,0,30,1,10,,33814,1,0,30,1,10,,33815,1,0,30,1,10,,33816,1,0,30,1,10,,33817,1,0,30,1,10,,33818,1,0,30,1,50,,33819,1,0,30,1,10,,33821,1,0,30,1,10,,33897,1,0,30,1,10,,33891,1,0,30,1,10,,33892,1,0,30,1,10,,33893,1,0,30,1,50,,33896,1,0,30,1,10,,33799,1,0,30,1,10,,33800,1,0,30,1,10,,33801,1,0,30,1,10,,33840,1,0,30,1,10,,33877,1,0,30,1,50,,33837,1,0,30,1,10,,33838,1,0,30,1,10,,33839,1,0,30,1,10,,33823,1,0,30,1,10,,33824,1,0,30,1,10,,33855,1,0,30,1,50,,33856,1,0,30,1,10,,33825,1,0,30,1,10,,33894,1,0,30,1,10,,33826,1,0,30,1,10,,33827,1,0,30,1,10,,33862,1,0,30,1,50,,33875,1,0,30,1,10,,33890,1,0,30,1,10,,33804,1,0,30,1,11,,33805,1,0,30,1,9,,33806,1,0,30,1,10,,33808,1,0,30,1,50,,33809,1,0,30,1,10,,33810,1,0,30,1,10,,33841,1,0,30,1,10,,33842,1,0,30,1,10,,33813,1,0,30,1,10,,33869,1,0,30,1,50,,33870,1,0,30,1,10,,33843,1,0,30,1,10,,33844,1,0,30,1,10,,33845,1,0,30,1,10,,33846,1,0,30,1,10,,33847,1,0,30,1
50701,'3',500,,33995,1,0,30,1,18,,33924,1,0,30,1,15,,33925,1,0,30,1,12,,33926,1,0,30,1,12,,33918,1,0,30,1,52,,33919,1,0,30,1,12,,33920,1,0,30,1,12,,33979,1,0,30,1,12,,33948,1,0,30,1,12,,33997,1,0,30,1,52,,33942,1,0,30,1,12,,33916,1,0,30,1,12,,33917,1,0,30,1,12,,33953,1,0,30,1,12,,33954,1,0,30,1,52,,33955,1,0,30,1,12,,33956,1,0,30,1,12,,33957,1,0,30,1,12,,33958,1,0,30,1,12,,33913,1,0,30,1,50,,33945,1,0,30,1,10,,33946,1,0,30,1,10,,33947,1,0,30,1,10,,33996,1,0,30,1,10,,33963,1,0,30,1,10,,33964,1,0,30,1,50,,33965,1,0,30,1,10,,33967,1,0,30,1,10,,33968,1,0,30,1,10,,33988,1,0,30,1,10,,33989,1,0,30,1,10,,33990,1,0,30,1,50,,33991,1,0,30,1,10,,33992,1,0,30,1,10,,33944,1,0,30,1,10,,33927,1,0,30,1,10,,33928,1,0,30,1,10,,33929,1,0,30,1,50,,33930,1,0,30,1,10,,33931,1,0,30,1,10,,33993,1,0,30,1,10,,33981,1,0,30,1,10,,33982,1,0,30,1,10,,33983,1,0,30,1,50,,33984,1,0,30,1,10,,33985,1,0,30,1,10,,33959,1,0,30,1,10,,33986,1,0,30,1,10,,33987,1,0,30,1,10,,33904,1,0,30,1,50,,33961,1,0,30,1,10,,33949,1,0,30,1,10,,33950,1,0,30,1,10,,33951,1,0,30,1,10,,33952,1,0,30,1,10,,33912,1,0,30,1,50,,33905,1,0,30,1,10,,33906,1,0,30,1,10,,33907,1,0,30,1,10,,33908,1,0,30,1,10,,33909,1,0,30,1,10,,33910,1,0,30,1,50,,33911,1,0,30,1,10,,33980,1,0,30,1,10,,33962,1,0,30,1,10,,33921,1,0,30,1,10,,33922,1,0,30,1,10,,33923,1,0,30,1,50,,33960,1,0,30,1,10,,33932,1,0,30,1,10,,33933,1,0,30,1,10,,33934,1,0,30,1,10,,33935,1,0,30,1,10,,33936,1,0,30,1,48,,33937,1,0,30,1,10,,33938,1,0,30,1,10,,33941,1,0,30,1,10,,33999,1,0,30,1,10,,33943,1,0,30,1,10,,33939,1,0,30,1,50,,34000,1,0,30,1,10,,34001,1,0,30,1,10,,33914,1,0,30,1,10,,33915,1,0,30,1,10,,33966,1,0,30,1,10,,33998,1,0,30,1,50,,33970,1,0,30,1,10,,33969,1,0,30,1,10,,33940,1,0,30,1,10,,33972,1,0,30,1,10,,33973,1,0,30,1,10,,33971,1,0,30,1,50,,33974,1,0,30,1,10,,33975,1,0,30,1,10,,33976,1,0,30,1,10,,33977,1,0,30,1,10,,33978,1,0,30,1,10,,33994,1,0,30,1
50701,'4',500,,34054,1,0,30,1,18,,34084,1,0,30,1,15,,34083,1,0,30,1,12,,34082,1,0,30,1,12,,34090,1,0,30,1,52,,34089,1,0,30,1,12,,34088,1,0,30,1,12,,34024,1,0,30,1,12,,34058,1,0,30,1,12,,34028,1,0,30,1,52,,34067,1,0,30,1,12,,34100,1,0,30,1,12,,34099,1,0,30,1,12,,34098,1,0,30,1,12,,34097,1,0,30,1,52,,34095,1,0,30,1,12,,34053,1,0,30,1,12,,34006,1,0,30,1,12,,34026,1,0,30,1,12,,34063,1,0,30,1,50,,34019,1,0,30,1,10,,34059,1,0,30,1,10,,34036,1,0,30,1,10,,34029,1,0,30,1,10,,34041,1,0,30,1,10,,34018,1,0,30,1,50,,34017,1,0,30,1,10,,34103,1,0,30,1,10,,34031,1,0,30,1,10,,34011,1,0,30,1,10,,34010,1,0,30,1,10,,34032,1,0,30,1,50,,34096,1,0,30,1,10,,34057,1,0,30,1,10,,34020,1,0,30,1,10,,34081,1,0,30,1,10,,34080,1,0,30,1,10,,34079,1,0,30,1,50,,34078,1,0,30,1,10,,34077,1,0,30,1,10,,34056,1,0,30,1,10,,34023,1,0,30,1,10,,34022,1,0,30,1,10,,34021,1,0,30,1,50,,34015,1,0,30,1,10,,34014,1,0,30,1,10,,34060,1,0,30,1,10,,34013,1,0,30,1,10,,34012,1,0,30,1,10,,34042,1,0,30,1,50,,34038,1,0,30,1,10,,34035,1,0,30,1,10,,34052,1,0,30,1,10,,34066,1,0,30,1,10,,34065,1,0,30,1,10,,34064,1,0,30,1,50,,34061,1,0,30,1,10,,34050,1,0,30,1,10,,34049,1,0,30,1,10,,34048,1,0,30,1,10,,34047,1,0,30,1,10,,34005,1,0,30,1,50,,34040,1,0,30,1,10,,34039,1,0,30,1,10,,34037,1,0,30,1,10,,34087,1,0,30,1,10,,34086,1,0,30,1,10,,34085,1,0,30,1,50,,34025,1,0,30,1,10,,34076,1,0,30,1,10,,34075,1,0,30,1,10,,34074,1,0,30,1,10,,34073,1,0,30,1,10,,34071,1,0,30,1,48,,34070,1,0,30,1,10,,34069,1,0,30,1,10,,34068,1,0,30,1,10,,34062,1,0,30,1,10,,34072,1,0,30,1,10,,34043,1,0,30,1,50,,34046,1,0,30,1,10,,34045,1,0,30,1,10,,34102,1,0,30,1,10,,34101,1,0,30,1,10,,34016,1,0,30,1,10,,34027,1,0,30,1,50,,34051,1,0,30,1,10,,34030,1,0,30,1,10,,34033,1,0,30,1,10,,34009,1,0,30,1,10,,34008,1,0,30,1,10,,34034,1,0,30,1,50,,34007,1,0,30,1,10,,34094,1,0,30,1,10,,34093,1,0,30,1,10,,34092,1,0,30,1,10,,34091,1,0,30,1,10,,34055,1,0,30,1
50702,'1',500,,34139,26,4,,1,13,,34138,26,4,,1,6,,34158,26,4,,1,5,,34157,26,4,,1,12,,34156,26,4,,1,12,,34155,26,4,,1,5,,34154,26,4,,1,54,,34153,26,4,,1,8,,34152,26,4,,1,10,,34206,26,4,,1,15,,34203,26,4,,1,9,,34188,26,4,,1,5,,34141,26,4,,1,52,,34142,26,4,,1,12,,34143,26,4,,1,10,,34144,26,4,,1,10,,34213,26,4,,1,10,,34202,26,4,,1,10,,34193,26,4,,1,50,,34163,26,4,,1,10,,34123,26,4,,1,10,,34125,26,4,,1,10,,34127,26,4,,1,10,,34194,26,4,,1,10,,34106,26,4,,1,50,,34164,26,4,,1,10,,34178,26,4,,1,9,,34179,26,4,,1,8,,34183,26,4,,1,10,,34174,26,4,,1,10,,34175,26,4,,1,50,,34176,26,4,,1,10,,34177,26,4,,1,10,,34208,26,4,,1,10,,34209,26,4,,1,10,,34210,26,4,,1,10,,34122,26,4,,1,50,,34128,26,4,,1,10,,34129,26,4,,1,10,,34130,26,4,,1,10,,34110,26,4,,1,10,,34204,26,4,,1,10,,34214,26,4,,1,50,,34115,26,4,,1,10,,34116,26,4,,1,10,,34117,26,4,,1,10,,34118,26,4,,1,10,,34119,26,4,,1,10,,34120,26,4,,1,50,,34121,26,4,,1,10,,34191,26,4,,1,10,,34186,26,4,,1,10,,34187,26,4,,1,10,,34217,26,4,,1,10,,34180,26,4,,1,50,,34185,26,4,,1,10,,34212,26,4,,1,10,,34171,26,4,,1,10,,34172,26,4,,1,10,,34173,26,4,,1,10,,34124,26,4,,1,50,,34126,26,4,,1,11,,34218,26,4,,1,11,,34219,26,4,,1,11,,34149,26,4,,1,10,,34150,26,4,,1,10,,34151,26,4,,1,50,,34211,26,4,,1,10,,34165,26,4,,1,10,,34166,26,4,,1,10,,34167,26,4,,1,10,,34168,26,4,,1,10,,34169,26,4,,1,50,,34207,26,4,,1,10,,34215,26,4,,1,10,,34216,26,4,,1,10,,34107,26,4,,1,10,,34140,26,4,,1,10,,34131,26,4,,1,50,,34160,26,4,,1,10,,34161,26,4,,1,10,,34162,26,4,,1,10,,34133,26,4,,1,10,,34132,26,4,,1,8,,34111,26,4,,1,47,,34182,26,4,,1,10,,34147,26,4,,1,11,,34170,26,4,,1,11,,34184,26,4,,1,11,,34181,26,4,,1,10,,34145,26,4,,1,50,,34146,26,4,,1,10,,34148,26,4,,1,10,,34195,26,4,,1,10,,34196,26,4,,1,10,,34197,26,4,,1,10,,34198,26,4,,1,50,,34199,26,4,,1,10,,34200,26,4,,1,10,,34201,26,4,,1,10,,34192,26,4,,1,10,,34205,26,4,,1,10,,34190,26,4,,1,50,,34112,26,4,,1,10,,34113,26,4,,1,10,,34114,26,4,,1
50702,'2',458,,34267,26,4,,1,57,,34312,26,4,,1,10,,34313,26,4,,1,10,,34235,26,4,,1,10,,34314,26,4,,1,10,,34257,26,4,,1,57,,34289,26,4,,1,3,,34315,26,4,,1,10,,34262,26,4,,1,10,,34281,26,4,,1,10,,34269,26,4,,1,10,,34270,26,4,,1,50,,34271,26,4,,1,10,,34272,26,4,,1,10,,34260,26,4,,1,10,,34290,26,4,,1,10,,34255,26,4,,1,10,,34256,26,4,,1,51,,34254,26,4,,1,10,,34263,26,4,,1,11,,34309,26,4,,1,11,,34310,26,4,,1,10,,34311,26,4,,1,10,,34316,26,4,,1,50,,34317,26,4,,1,10,,34236,26,4,,1,11,,34275,26,4,,1,10,,34276,26,4,,1,9,,34277,26,4,,1,10,,34278,26,4,,1,50,,34264,26,4,,1,10,,34238,26,4,,1,10,,34306,26,4,,1,10,,34239,26,4,,1,10,,34307,26,4,,1,10,,34308,26,4,,1,50,,34220,26,4,,1,10,,34241,26,4,,1,10,,34221,26,4,,1,10,,34222,26,4,,1,10,,34223,26,4,,1,10,,34224,26,4,,1,50,,34266,26,4,,1,10,,34274,26,4,,1,10,,34233,26,4,,1,10,,34242,26,4,,1,10,,34273,26,4,,1,10,,34279,26,4,,1,50,,34280,26,4,,1,10,,34247,26,4,,1,10,,34244,26,4,,1,10,,34245,26,4,,1,10,,34246,26,4,,1,10,,34248,26,4,,1,50,,34284,26,4,,1,10,,34265,26,4,,1,10,,34292,26,4,,1,10,,34293,26,4,,1,10,,34294,26,4,,1,10,,34295,26,4,,1,50,,34237,26,4,,1,10,,34298,26,4,,1,10,,34299,26,4,,1,10,,34300,26,4,,1,10,,34249,26,4,,1,10,,34251,26,4,,1,50,,34252,26,4,,1,10,,34253,26,4,,1,10,,34291,26,4,,1,10,,34288,26,4,,1,10,,34259,26,4,,1,10,,34225,26,4,,1,50,,34226,26,4,,1,10,,34227,26,4,,1,10,,34228,26,4,,1,10,,34258,26,4,,1,10,,34243,26,4,,1,10,,34229,26,4,,1,50,,34230,26,4,,1,10,,34231,26,4,,1,10,,34232,26,4,,1,10,,34296,26,4,,1,10,,34297,26,4,,1,10,,34261,26,4,,1,50,,34250,26,4,,1,10,,34302,26,4,,1,11,,34303,26,4,,1,12,,34304,26,4,,1,9,,34305,26,4,,1,9,,34301,26,4,,1,50,,34268,26,4,,1,10,,34325,26,4,,1,10,,34319,26,4,,1,10,,34326,26,4,,1,10,,34327,26,4,,1,10,,34328,26,4,,1,50,,34329,26,4,,1,10,,34330,26,4,,1,10,,34323,26,4,,1,10,,34320,26,4,,1,10,,34321,26,4,,1,10,,34322,26,4,,1,50,,34318,26,4,,1,10,,34324,26,4,,1
50702,'3',457,,34372,26,4,,1,57,,34333,26,4,,1,12,,34342,26,4,,1,12,,34343,26,4,,1,12,,34385,26,4,,1,52,,34347,26,4,,1,12,,34348,26,4,,1,12,,34349,26,4,,1,12,,34350,26,4,,1,12,,34351,26,4,,1,52,,34352,26,4,,1,12,,34353,26,4,,1,12,,34354,26,4,,1,12,,34355,26,4,,1,12,,34357,26,4,,1,52,,34344,26,4,,1,12,,34345,26,4,,1,12,,34346,26,4,,1,12,,34388,26,4,,1,12,,34389,26,4,,1,52,,34399,26,4,,1,12,,34400,26,4,,1,7,,34382,26,4,,1,6,,34401,26,4,,1,10,,34366,26,4,,1,10,,34367,26,4,,1,10,,34368,26,4,,1,50,,34369,26,4,,1,11,,34370,26,4,,1,12,,34371,26,4,,1,12,,34339,26,4,,1,10,,34340,26,4,,1,50,,34393,26,4,,1,10,,34331,26,4,,1,10,,34383,26,4,,1,12,,34384,26,4,,1,10,,34378,26,4,,1,10,,34335,26,4,,1,50,,34336,26,4,,1,10,,34379,26,4,,1,10,,34358,26,4,,1,10,,34359,26,4,,1,10,,34360,26,4,,1,10,,34361,26,4,,1,50,,34362,26,4,,1,10,,34363,26,4,,1,10,,34387,26,4,,1,10,,34376,26,4,,1,10,,34377,26,4,,1,10,,34398,26,4,,1,50,,34365,26,4,,1,10,,34395,26,4,,1,10,,34332,26,4,,1,10,,34374,26,4,,1,10,,34375,26,4,,1,10,,34386,26,4,,1,50,,34364,26,4,,1,10,,34341,26,4,,1,10,,34390,26,4,,1,10,,34391,26,4,,1,10,,34392,26,4,,1,10,,34356,26,4,,1,50,,34337,26,4,,1,10,,34338,26,4,,1,10,,34429,26,4,,1,10,,34433,26,4,,1,10,,34434,26,4,,1,10,,34435,26,4,,1,50,,34436,26,4,,1,10,,34422,26,4,,1,10,,34423,26,4,,1,10,,34424,26,4,,1,10,,34432,26,4,,1,10,,34427,26,4,,1,50,,34428,26,4,,1,10,,34415,26,4,,1,7,,34416,26,4,,1,9,,34421,26,4,,1,10,,34437,26,4,,1,10,,34438,26,4,,1,50,,34425,26,4,,1,10,,34426,26,4,,1,10,,34417,26,4,,1,10,,34418,26,4,,1,10,,34419,26,4,,1,10,,34420,26,4,,1,50,,34402,26,4,,1,10,,34410,26,4,,1,10,,34411,26,4,,1,10,,34412,26,4,,1,10,,34413,26,4,,1,10,,34414,26,4,,1,50,,34403,26,4,,1,10,,34404,26,4,,1,10,,34405,26,4,,1,10,,34406,26,4,,1,10,,34407,26,4,,1,10,,34408,26,4,,1,50,,34409,26,4,,1,10,,34430,26,4,,1,10,,34431,26,4,,1,10,,34439,26,4,,1
50702,'4',457,,34472,26,4,,1,57,,34460,26,4,,1,12,,34466,26,4,,1,12,,34465,26,4,,1,12,,34471,26,4,,1,52,,34447,26,4,,1,12,,34446,26,4,,1,12,,34470,26,4,,1,12,,34445,26,4,,1,12,,34444,26,4,,1,52,,34443,26,4,,1,12,,34442,26,4,,1,12,,34440,26,4,,1,12,,34453,26,4,,1,12,,34454,26,4,,1,52,,34464,26,4,,1,12,,34463,26,4,,1,12,,34448,26,4,,1,12,,34441,26,4,,1,12,,34452,26,4,,1,52,,34469,26,4,,1,12,,34468,26,4,,1,7,,34461,26,4,,1,6,,34467,26,4,,1,10,,34451,26,4,,1,10,,34450,26,4,,1,10,,34449,26,4,,1,50,,34488,26,4,,1,11,,34500,26,4,,1,12,,34542,26,4,,1,12,,34498,26,4,,1,10,,34497,26,4,,1,50,,34486,26,4,,1,10,,34496,26,4,,1,10,,34476,26,4,,1,12,,34532,26,4,,1,10,,34485,26,4,,1,10,,34484,26,4,,1,50,,34533,26,4,,1,10,,34539,26,4,,1,10,,34538,26,4,,1,10,,34537,26,4,,1,10,,34536,26,4,,1,10,,34535,26,4,,1,50,,34492,26,4,,1,10,,34483,26,4,,1,10,,34479,26,4,,1,10,,34546,26,4,,1,10,,34545,26,4,,1,10,,34544,26,4,,1,50,,34543,26,4,,1,10,,34518,26,4,,1,10,,34517,26,4,,1,10,,34548,26,4,,1,10,,34547,26,4,,1,10,,34508,26,4,,1,50,,34527,26,4,,1,10,,34516,26,4,,1,10,,34515,26,4,,1,10,,34514,26,4,,1,10,,34490,26,4,,1,10,,34534,26,4,,1,50,,34491,26,4,,1,10,,34499,26,4,,1,10,,34531,26,4,,1,10,,34530,26,4,,1,10,,34529,26,4,,1,10,,34481,26,4,,1,50,,34487,26,4,,1,10,,34503,26,4,,1,10,,34502,26,4,,1,10,,34501,26,4,,1,10,,34480,26,4,,1,10,,34520,26,4,,1,50,,34519,26,4,,1,10,,34540,26,4,,1,7,,34489,26,4,,1,9,,34504,26,4,,1,10,,34474,26,4,,1,10,,34475,26,4,,1,50,,34522,26,4,,1,10,,34521,26,4,,1,10,,34541,26,4,,1,10,,34507,26,4,,1,10,,34506,26,4,,1,10,,34505,26,4,,1,50,,34526,26,4,,1,10,,34525,26,4,,1,10,,34524,26,4,,1,10,,34523,26,4,,1,10,,34528,26,4,,1,10,,34513,26,4,,1,50,,34512,26,4,,1,10,,34511,26,4,,1,10,,34510,26,4,,1,10,,34509,26,4,,1,10,,34495,26,4,,1,10,,34494,26,4,,1,50,,34493,26,4,,1,10,,34482,26,4,,1,10,,34478,26,4,,1,10,,34477,26,4,,1
50801,'1',646,,34556,1,0,43 8 19,1,60,,34555,1,0,43 8 19,1,18,,34554,1,0,43 8 19,1,20,,34557,1,0,43 8 19,1,60,,34558,1,0,43 8 19,1,996,,34553,1,0,17,1,20,,34552,1,0,17,1,20,,34565,1,0,17,1,60,,34564,1,0,17,1,20,,34563,1,0,17,1
50802,'1',646,,34574,32,4,,1,60,,34575,32,4,,1,18,,34576,32,4,,1,20,,34569,32,4,,1,60,,34570,32,4,,1,954,,34571,62,4,,1,60,,34573,62,4,,1,20,,34572,62,4,,1,20,,34579,62,4,,1,60,,34578,62,4,,1
