30102,'1',2631,,12365,8,0,27 31,2,70,,12368,8,0,27 31,2,30,,12367,8,0,27 31,2,70,,12381,8,0,27 31,2,30,,12378,8,0,27 31,2,70,,12383,8,0,27 31,2
30102,'2',2608,,12400,8,0,27 31,2,30,,12404,8,0,27 31,2,70,,12390,8,0,27 31,2,30,,12397,8,0,27 31,2,70,,12407,8,0,27 31,2,30,,12392,8,0,27 31,2,70,,12406,8,0,27 31,2
30102,'3',2634,,12429,8,0,27 31,2,70,,12430,8,0,27 31,2,30,,12434,8,0,27 31,2,70,,12416,8,0,27 31,2,30,,12412,8,0,27 31,2,70,,12417,8,0,27 31,2
30102,'5',2634,,12453,8,0,27 31,2,70,,12455,8,0,27 31,2,30,,12445,8,0,27 31,2,70,,12439,8,0,27 31,2,30,,12454,8,0,27 31,2,70,,12442,8,0,27 31,2
30502,'1',2519,,12639,9,0,5 6 35,2,20,,12641,9,0,5 6 35,2,20,,12636,9,0,5 6 35,2,60,,12638,9,0,5 6 35,2,20,,12637,9,0,5 6 35,2,4,,12632,9,,,2,16,,12634,9,0,5 6 35,2,60,,12642,9,0,5 6 35,2,30,,12635,9,0,5 6 35,2,55,,12643,9,,,2,15,,12633,9,0,5 6 35,2,20,,12640,9,,,2
30502,'2',2509,,12647,9,0,5 6 35,2,11,,12651,9,,,2,9,,12657,9,0,5 6 35,2,20,,12646,9,0,5 6 35,2,60,,12656,9,0,5 6 35,2,4,,12644,9,,,2,16,,12654,9,0,5 6 35,2,20,,12653,9,0,5 6 35,2,60,,12650,9,0,5 6 35,2,20,,12645,9,0,5 6 35,2,20,,12649,9,0,5 6 35,2,60,,12648,9,0,5 6 35,2,30,,12652,9,0,5 6 35,2,9,,12655,9,,,2,70,,5081,9,,,2,30,,12658,9,,,2
30502,'3',2513,,12672,9,0,5 6 35,2,10,,12665,9,0,5 6 35,2,5,,12671,9,,,2,15,,12661,9,0,5 6 35,2,11,,12674,9,,,2,49,,12676,9,0,5 6 35,2,10,,12668,9,0,5 6 35,2,11,,12669,9,,,2,6,,12675,9,,,2,13,,12670,9,0,5 6 35,2,60,,12664,9,0,5 6 35,2,20,,12659,9,0,5 6 35,2,20,,12673,9,0,5 6 35,2,60,,12660,9,0,5 6 35,2,20,,12662,9,,,2,30,,12663,9,,,2,70,,12667,9,,,2,20,,12666,9,,,2
30502,'5',2513,,12683,9,0,5 6 35,2,10,,12690,9,0,5 6 35,2,10,,12691,9,,,2,10,,12687,9,0,5 6 35,2,60,,12688,9,0,5 6 35,2,20,,12684,9,0,5 6 35,2,5,,12689,9,,,2,5,,12686,9,,,2,10,,12693,9,0,5 6 35,2,60,,12679,9,0,5 6 35,2,20,,12680,9,0,5 6 35,2,20,,12685,9,0,5 6 35,2,70,,12678,9,0,5 6 35,2,9,,12681,9,,,2,30,,12692,9,,,2,70,,12677,9,,,2,30,,12682,9,,,2
30601,'1',2625,,12714,25,4,,2,28,,12696,25,4,,2,70,,12701,25,4,,2,30,,12705,25,4,,2,70,,12708,25,4,,2,30,,12706,25,4,,2,70,,12704,25,4,,2
30601,'2',2615,,12721,25,4,,2,25,,12734,25,4,,2,67,,12744,25,4,,2,25,,12731,25,4,,2,70,,12742,25,4,,2,30,,12736,25,4,,2,70,,12719,25,4,,2,30,,12746,25,4,,2
30601,'3',601,,12758,25,4,,2,14,,12769,25,4,,2,14,,12754,25,4,,2,14,,12781,25,4,,2,14,,12786,25,4,,2,54,,12749,25,4,,2,14,,12792,25,4,,2,1879,,12762,25,4,,2,24,,12784,25,4,,2,28,,12785,25,4,,2,68,,12778,25,4,,2,30,,12759,25,4,,2,70,,12776,25,4,,2,30,,11326,25,4,,2,70,,12771,25,4,,2
30601,'5',2604,,12801,25,4,,2,24,,12814,25,4,,2,28,,12809,25,4,,2,68,,12817,25,4,,2,30,,12807,25,4,,2,70,,12816,25,4,,2,30,,12810,25,4,,2,70,,12804,25,4,,2
50402,'1',517,,15821,8,0,33 31,2,14,,15870,8,0,33 31,2,10,,15864,8,0,33 31,2,10,,11656,8,0,33 31,2,50,,15818,8,0,33 31,2,10,,15882,8,0,33 31,2,10,,15972,8,0,33 31,2,10,,15825,8,0,33 31,2,10,,15861,8,0,33 31,2,10,,15905,8,0,33 31,2,50,,15928,8,0,33 31,2,10,,15968,8,0,33 31,2,10,,15932,8,0,33 31,2,8,,15909,8,0,33 31,2,7,,15834,8,0,33 31,2,7,,15898,8,0,33 31,2,7,,15974,8,0,33 31,2,7,,15959,8,0,33 31,2,47,,15912,8,0,33 31,2,7,,15862,8,0,33 31,2,7,,15856,8,0,33 31,2,7,,15883,8,0,33 31,2,7,,15977,8,0,33 31,2,7,,15920,8,0,33 31,2,7,,15897,8,0,33 31,2,7,,15859,8,0,33 31,2,47,,15849,8,0,33 31,2,7,,15973,8,0,33 31,2,7,,15847,8,0,33 31,2,7,,15833,8,0,33 31,2,9,,15846,8,0,33 31,2,10,,15866,8,0,33 31,2,10,,15840,8,0,33 31,2,50,,15955,8,0,33 31,2,10,,15876,8,0,33 31,2,10,,15815,8,0,33 31,2,10,,15892,8,0,33 31,2,10,,15819,8,0,33 31,2,10,,15906,8,0,33 31,2,50,,15918,8,0,33 31,2,10,,15881,8,0,33 31,2,10,,15823,8,0,33 31,2,10,,15929,8,0,33 31,2,10,,15957,8,0,33 31,2,10,,15963,8,0,33 31,2,50,,15900,8,0,33 31,2,10,,15903,8,0,33 31,2,10,,15867,8,0,33 31,2,10,,15948,8,0,33 31,2,10,,15816,8,0,33 31,2,10,,15828,8,0,33 31,2,50,,15969,8,0,33 31,2,10,,15908,8,0,33 31,2,10,,15923,8,0,33 31,2,10,,15855,8,0,33 31,2,10,,15845,8,0,33 31,2,10,,15933,8,0,33 31,2,50,,15947,8,0,33 31,2,10,,15938,8,0,33 31,2,10,,15874,8,0,33 31,2,10,,15851,8,0,33 31,2,10,,15848,8,0,33 31,2,9,,15841,8,0,33 31,2,7,,15941,8,0,33 31,2,47,,15894,8,0,33 31,2,7,,15925,8,0,33 31,2,7,,15872,8,0,33 31,2,7,,15917,8,0,33 31,2,7,,15814,8,0,33 31,2,7,,15893,8,0,33 31,2,7,,15901,8,0,33 31,2,7,,15826,8,0,33 31,2,7,,15899,8,0,33 31,2,47,,15839,8,0,33 31,2,7,,15966,8,0,33 31,2,7,,15832,8,0,33 31,2,7,,15916,8,0,33 31,2,7,,15871,8,0,33 31,2,7,,15858,8,0,33 31,2,7,,15813,8,0,33 31,2,7,,15843,8,0,33 31,2,47,,15863,8,0,33 31,2,7,,15951,8,0,33 31,2,7,,15902,8,0,33 31,2,7,,15824,8,0,33 31,2,7,,15852,8,0,33 31,2,7,,15873,8,0,33 31,2,7,,15937,8,0,33 31,2,7,,15896,8,0,33 31,2,7,,15940,8,0,33 31,2,47,,15919,8,0,33 31,2,7,,5698,8,0,33 31,2,7,,15950,8,0,33 31,2,7,,15879,8,0,33 31,2,7,,15890,8,0,33 31,2,7,,15888,8,0,33 31,2,7,,15891,8,0,33 31,2,7,,15930,8,0,33 31,2,48,,15927,8,0,33 31,2,9,,15878,8,0,33 31,2,9,,15868,8,0,33 31,2,9,,15970,8,0,33 31,2,9,,15812,8,0,33 31,2,9,,15907,8,0,33 31,2,9,,15942,8,0,33 31,2,49,,15943,8,0,33 31,2,9,,15842,8,0,33 31,2,9,,15877,8,0,33 31,2,9,,15944,8,0,33 31,2,9,,15827,8,0,33 31,2,9,,15886,8,0,33 31,2,9,,15887,8,0,33 31,2,49,,15880,8,0,33 31,2,9,,15836,8,0,33 31,2,9,,15949,8,0,33 31,2,9,,15935,8,0,33 31,2,9,,15958,8,0,33 31,2,9,,15885,8,0,33 31,2,49,,15971,8,0,33 31,2,9,,15811,8,0,33 31,2,9,,15854,8,0,33 31,2,8,,15924,8,0,33 31,2,10,,15961,8,0,33 31,2,10,,15817,8,0,33 31,2,10,,15889,8,0,33 31,2,50,,15838,8,0,33 31,2,10,,15965,8,0,33 31,2,10,,15975,8,0,33 31,2,10,,15869,8,0,33 31,2,10,,15837,8,0,33 31,2,10,,15953,8,0,33 31,2,50,,15910,8,0,33 31,2,10,,15829,8,0,33 31,2,10,,15954,8,0,33 31,2,10,,15914,8,0,33 31,2,10,,15945,8,0,33 31,2,10,,15822,8,0,33 31,2,50,,15820,8,0,33 31,2,10,,15967,8,0,33 31,2,10,,15934,8,0,33 31,2,10,,15931,8,0,33 31,2,10,,15960,8,0,33 31,2,10,,15830,8,0,33 31,2,50,,15921,8,0,33 31,2,10,,15913,8,0,33 31,2
50402,'2',515,,15987,8,0,33 31,2,10,,16076,8,0,33 31,2,10,,16082,8,0,33 31,2,10,,16013,8,0,33 31,2,10,,16041,8,0,33 31,2,50,,16109,8,0,33 31,2,10,,5192,8,0,33 31,2,10,,16094,8,0,33 31,2,10,,16070,8,0,33 31,2,10,,16047,8,0,33 31,2,10,,16086,8,0,33 31,2,50,,16017,8,0,33 31,2,10,,16034,8,0,33 31,2,10,,16105,8,0,33 31,2,10,,16042,8,0,33 31,2,10,,16100,8,0,33 31,2,10,,16063,8,0,33 31,2,48,,16054,8,0,33 31,2,10,,16010,8,0,33 31,2,10,,16091,8,0,33 31,2,10,,16048,8,0,33 31,2,10,,15997,8,0,33 31,2,10,,16040,8,0,33 31,2,50,,16121,8,0,33 31,2,10,,16069,8,0,33 31,2,10,,16077,8,0,33 31,2,10,,16002,8,0,33 31,2,10,,16074,8,0,33 31,2,10,,15985,8,0,33 31,2,50,,16045,8,0,33 31,2,10,,16125,8,0,33 31,2,10,,16126,8,0,33 31,2,10,,16072,8,0,33 31,2,10,,16004,8,0,33 31,2,10,,15999,8,0,33 31,2,50,,16059,8,0,33 31,2,10,,16101,8,0,33 31,2,10,,9688,8,0,33 31,2,10,,16029,8,0,33 31,2,10,,16018,8,0,33 31,2,10,,16026,8,0,33 31,2,48,,16104,8,0,33 31,2,7,,16116,8,0,33 31,2,7,,16024,8,0,33 31,2,7,,16064,8,0,33 31,2,7,,15990,8,0,33 31,2,7,,1576,8,0,33 31,2,7,,16027,8,0,33 31,2,7,,16120,8,0,33 31,2,7,,16096,8,0,33 31,2,47,,16065,8,0,33 31,2,7,,16110,8,0,33 31,2,7,,16022,8,0,33 31,2,7,,15993,8,0,33 31,2,7,,16075,8,0,33 31,2,7,,15994,8,0,33 31,2,7,,16098,8,0,33 31,2,7,,16028,8,0,33 31,2,47,,16050,8,0,33 31,2,7,,16011,8,0,33 31,2,7,,6811,8,0,33 31,2,7,,16097,8,0,33 31,2,7,,15992,8,0,33 31,2,7,,15980,8,0,33 31,2,7,,16062,8,0,33 31,2,7,,16032,8,0,33 31,2,7,,16038,8,0,33 31,2,47,,16112,8,0,33 31,2,7,,15995,8,0,33 31,2,7,,16089,8,0,33 31,2,7,,16056,8,0,33 31,2,7,,16012,8,0,33 31,2,7,,16008,8,0,33 31,2,7,,16073,8,0,33 31,2,7,,16006,8,0,33 31,2,7,,16099,8,0,33 31,2,47,,16106,8,0,33 31,2,7,,16127,8,0,33 31,2,7,,16115,8,0,33 31,2,7,,15989,8,0,33 31,2,7,,16023,8,0,33 31,2,7,,16111,8,0,33 31,2,7,,15984,8,0,33 31,2,7,,16044,8,0,33 31,2,47,,16019,8,0,33 31,2,7,,16119,8,0,33 31,2,7,,15978,8,0,33 31,2,7,,15996,8,0,33 31,2,7,,16095,8,0,33 31,2,7,,16055,8,0,33 31,2,7,,16067,8,0,33 31,2,7,,16053,8,0,33 31,2,7,,16092,8,0,33 31,2,47,,16049,8,0,33 31,2,7,,16001,8,0,33 31,2,7,,16088,8,0,33 31,2,7,,16108,8,0,33 31,2,7,,16057,8,0,33 31,2,7,,16093,8,0,33 31,2,7,,16078,8,0,33 31,2,7,,16123,8,0,33 31,2,50,,7419,8,0,33 31,2,10,,16021,8,0,33 31,2,12,,16090,8,0,33 31,2,10,,16118,8,0,33 31,2,10,,16071,8,0,33 31,2,10,,16046,8,0,33 31,2,50,,16007,8,0,33 31,2,10,,15986,8,0,33 31,2,10,,16083,8,0,33 31,2,10,,16033,8,0,33 31,2,10,,15979,8,0,33 31,2,10,,16016,8,0,33 31,2,50,,16124,8,0,33 31,2,10,,16113,8,0,33 31,2,10,,16005,8,0,33 31,2,10,,16036,8,0,33 31,2,10,,15998,8,0,33 31,2,10,,15982,8,0,33 31,2,50,,16102,8,0,33 31,2,10,,16114,8,0,33 31,2,10,,16025,8,0,33 31,2,10,,15981,8,0,33 31,2,10,,16043,8,0,33 31,2,10,,16068,8,0,33 31,2,50,,16117,8,0,33 31,2,10,,16009,8,0,33 31,2,10,,16081,8,0,33 31,2,10,,15991,8,0,33 31,2,10,,16020,8,0,33 31,2,10,,16035,8,0,33 31,2,50,,16015,8,0,33 31,2,10,,16066,8,0,33 31,2,10,,16060,8,0,33 31,2,10,,16080,8,0,33 31,2,10,,16000,8,0,33 31,2,10,,15988,8,0,33 31,2,50,,2092,8,0,33 31,2,10,,16122,8,0,33 31,2,10,,16084,8,0,33 31,2,10,,16039,8,0,33 31,2,10,,16103,8,0,33 31,2,10,,16087,8,0,33 31,2
50402,'3',523,,16213,8,0,33 31,2,12,,16216,8,0,33 31,2,10,,16141,8,0,33 31,2,10,,16135,8,0,33 31,2,50,,16159,8,0,33 31,2,10,,16220,8,0,33 31,2,10,,16239,8,0,33 31,2,10,,16270,8,0,33 31,2,10,,16207,8,0,33 31,2,10,,16186,8,0,33 31,2,50,,16137,8,0,33 31,2,10,,16242,8,0,33 31,2,10,,16129,8,0,33 31,2,10,,16256,8,0,33 31,2,10,,16166,8,0,33 31,2,10,,16161,8,0,33 31,2,51,,16232,8,0,33 31,2,10,,16259,8,0,33 31,2,10,,16235,8,0,33 31,2,10,,16153,8,0,33 31,2,10,,16146,8,0,33 31,2,10,,16172,8,0,33 31,2,50,,16205,8,0,33 31,2,10,,16199,8,0,33 31,2,10,,16260,8,0,33 31,2,10,,16197,8,0,33 31,2,10,,16145,8,0,33 31,2,10,,16203,8,0,33 31,2,50,,16211,8,0,33 31,2,10,,16181,8,0,33 31,2,10,,16182,8,0,33 31,2,10,,16204,8,0,33 31,2,10,,16165,8,0,33 31,2,10,,16175,8,0,33 31,2,50,,16244,8,0,33 31,2,10,,16206,8,0,33 31,2,10,,16271,8,0,33 31,2,10,,16261,8,0,33 31,2,10,,16264,8,0,33 31,2,10,,16217,8,0,33 31,2,48,,16222,8,0,33 31,2,8,,16193,8,0,33 31,2,8,,16209,8,0,33 31,2,8,,16185,8,0,33 31,2,8,,16230,8,0,33 31,2,8,,16156,8,0,33 31,2,8,,16215,8,0,33 31,2,48,,16267,8,0,33 31,2,8,,16169,8,0,33 31,2,8,,16158,8,0,33 31,2,8,,16151,8,0,33 31,2,8,,10519,8,0,33 31,2,8,,16187,8,0,33 31,2,8,,16170,8,0,33 31,2,8,,16250,8,0,33 31,2,48,,16148,8,0,33 31,2,8,,16241,8,0,33 31,2,8,,16157,8,0,33 31,2,8,,16208,8,0,33 31,2,8,,16234,8,0,33 31,2,8,,16189,8,0,33 31,2,8,,16228,8,0,33 31,2,48,,16218,8,0,33 31,2,8,,16227,8,0,33 31,2,8,,16247,8,0,33 31,2,8,,16268,8,0,33 31,2,8,,16174,8,0,33 31,2,8,,10480,8,0,33 31,2,8,,16249,8,0,33 31,2,8,,16143,8,0,33 31,2,48,,16229,8,0,33 31,2,8,,16237,8,0,33 31,2,8,,16190,8,0,33 31,2,8,,16226,8,0,33 31,2,8,,16212,8,0,33 31,2,8,,16139,8,0,33 31,2,8,,16140,8,0,33 31,2,48,,16243,8,0,33 31,2,8,,16132,8,0,33 31,2,8,,16162,8,0,33 31,2,8,,16152,8,0,33 31,2,8,,16136,8,0,33 31,2,8,,16210,8,0,33 31,2,8,,16198,8,0,33 31,2,8,,16191,8,0,33 31,2,48,,16266,8,0,33 31,2,8,,16177,8,0,33 31,2,8,,16195,8,0,33 31,2,8,,16149,8,0,33 31,2,8,,16248,8,0,33 31,2,8,,16134,8,0,33 31,2,8,,16251,8,0,33 31,2,50,,16196,8,0,33 31,2,10,,16231,8,0,33 31,2,10,,16133,8,0,33 31,2,10,,16194,8,0,33 31,2,10,,16265,8,0,33 31,2,10,,3358,8,0,33 31,2,50,,16130,8,0,33 31,2,10,,16223,8,0,33 31,2,10,,16128,8,0,33 31,2,10,,16263,8,0,33 31,2,10,,16252,8,0,33 31,2,10,,16180,8,0,33 31,2,50,,16233,8,0,33 31,2,10,,16173,8,0,33 31,2,10,,16167,8,0,33 31,2,10,,16238,8,0,33 31,2,10,,16176,8,0,33 31,2,10,,16171,8,0,33 31,2,50,,16245,8,0,33 31,2,10,,16178,8,0,33 31,2,10,,16164,8,0,33 31,2,10,,16192,8,0,33 31,2,10,,16258,8,0,33 31,2,10,,16225,8,0,33 31,2,50,,16257,8,0,33 31,2,10,,16138,8,0,33 31,2,10,,16179,8,0,33 31,2,10,,16184,8,0,33 31,2,10,,16202,8,0,33 31,2,10,,16272,8,0,33 31,2,50,,16221,8,0,33 31,2,10,,16214,8,0,33 31,2,10,,16254,8,0,33 31,2,10,,16183,8,0,33 31,2,10,,16255,8,0,33 31,2,10,,16131,8,0,33 31,2,50,,16236,8,0,33 31,2,10,,16262,8,0,33 31,2,10,,16163,8,0,33 31,2,10,,16219,8,0,33 31,2,10,,16200,8,0,33 31,2,10,,16168,8,0,33 31,2,50,,16155,8,0,33 31,2,10,,16160,8,0,33 31,2,10,,16269,8,0,33 31,2
50402,'5',523,,16355,8,0,33 31,2,12,,16347,8,0,33 31,2,10,,16297,8,0,33 31,2,10,,16366,8,0,33 31,2,50,,16417,8,0,33 31,2,10,,16396,8,0,33 31,2,10,,16402,8,0,33 31,2,10,,16334,8,0,33 31,2,10,,16415,8,0,33 31,2,10,,16362,8,0,33 31,2,50,,16322,8,0,33 31,2,10,,16281,8,0,33 31,2,10,,16383,8,0,33 31,2,10,,16421,8,0,33 31,2,10,,16291,8,0,33 31,2,10,,16318,8,0,33 31,2,51,,16391,8,0,33 31,2,10,,16275,8,0,33 31,2,10,,16296,8,0,33 31,2,10,,16358,8,0,33 31,2,10,,16359,8,0,33 31,2,10,,16343,8,0,33 31,2,50,,16370,8,0,33 31,2,10,,16320,8,0,33 31,2,10,,16411,8,0,33 31,2,10,,16319,8,0,33 31,2,10,,16313,8,0,33 31,2,10,,16284,8,0,33 31,2,50,,16289,8,0,33 31,2,10,,16380,8,0,33 31,2,10,,16316,8,0,33 31,2,10,,16365,8,0,33 31,2,10,,16392,8,0,33 31,2,10,,16339,8,0,33 31,2,50,,16418,8,0,33 31,2,10,,16404,8,0,33 31,2,10,,16310,8,0,33 31,2,10,,16409,8,0,33 31,2,10,,16393,8,0,33 31,2,10,,16357,8,0,33 31,2,48,,16419,8,0,33 31,2,8,,16400,8,0,33 31,2,8,,16381,8,0,33 31,2,8,,16412,8,0,33 31,2,8,,16278,8,0,33 31,2,8,,16394,8,0,33 31,2,8,,16277,8,0,33 31,2,48,,5541,8,0,33 31,2,8,,16408,8,0,33 31,2,8,,16395,8,0,33 31,2,8,,16372,8,0,33 31,2,8,,16351,8,0,33 31,2,8,,16324,8,0,33 31,2,8,,16302,8,0,33 31,2,8,,16414,8,0,33 31,2,48,,16293,8,0,33 31,2,8,,16384,8,0,33 31,2,8,,16360,8,0,33 31,2,8,,16321,8,0,33 31,2,8,,16407,8,0,33 31,2,8,,16340,8,0,33 31,2,8,,16295,8,0,33 31,2,48,,16300,8,0,33 31,2,8,,16309,8,0,33 31,2,8,,16354,8,0,33 31,2,8,,16327,8,0,33 31,2,8,,16303,8,0,33 31,2,8,,16349,8,0,33 31,2,8,,16308,8,0,33 31,2,8,,16416,8,0,33 31,2,48,,16399,8,0,33 31,2,8,,16374,8,0,33 31,2,8,,16364,8,0,33 31,2,8,,16288,8,0,33 31,2,8,,16367,8,0,33 31,2,8,,16368,8,0,33 31,2,8,,16378,8,0,33 31,2,48,,16317,8,0,33 31,2,8,,16373,8,0,33 31,2,8,,16423,8,0,33 31,2,8,,16307,8,0,33 31,2,8,,16346,8,0,33 31,2,8,,16329,8,0,33 31,2,8,,16397,8,0,33 31,2,8,,16356,8,0,33 31,2,48,,16314,8,0,33 31,2,8,,16344,8,0,33 31,2,8,,16336,8,0,33 31,2,8,,16406,8,0,33 31,2,8,,16350,8,0,33 31,2,8,,16382,8,0,33 31,2,8,,16276,8,0,33 31,2,50,,16311,8,0,33 31,2,10,,16379,8,0,33 31,2,5,,16413,8,0,33 31,2,5,,16305,8,0,33 31,2,10,,16369,8,0,33 31,2,10,,16363,8,0,33 31,2,10,,16422,8,0,33 31,2,50,,16385,8,0,33 31,2,10,,16337,8,0,33 31,2,10,,16299,8,0,33 31,2,10,,16335,8,0,33 31,2,10,,16286,8,0,33 31,2,10,,16312,8,0,33 31,2,50,,16390,8,0,33 31,2,10,,16328,8,0,33 31,2,10,,16348,8,0,33 31,2,10,,16345,8,0,33 31,2,10,,16338,8,0,33 31,2,10,,16290,8,0,33 31,2,50,,16333,8,0,33 31,2,10,,16341,8,0,33 31,2,10,,16353,8,0,33 31,2,10,,16386,8,0,33 31,2,10,,16285,8,0,33 31,2,10,,16342,8,0,33 31,2,50,,16420,8,0,33 31,2,10,,16401,8,0,33 31,2,10,,16332,8,0,33 31,2,10,,16361,8,0,33 31,2,10,,16326,8,0,33 31,2,10,,16283,8,0,33 31,2,50,,16377,8,0,33 31,2,10,,16398,8,0,33 31,2,10,,16371,8,0,33 31,2,10,,16388,8,0,33 31,2,10,,16331,8,0,33 31,2,10,,16279,8,0,33 31,2,50,,16410,8,0,33 31,2,10,,16292,8,0,33 31,2,10,,16389,8,0,33 31,2,10,,16287,8,0,33 31,2,10,,16273,8,0,33 31,2,10,,16294,8,0,33 31,2,50,,16375,8,0,33 31,2,10,,16403,8,0,33 31,2,10,,16376,8,0,33 31,2
50502,'1',426,,17191,9,0,5 6 35,2,13,,17177,9,0,5 6 35,2,5,,17152,9,0,5 6 35,2,5,,17160,9,0,5 6 35,2,10,,17282,9,0,5 6 35,2,50,,17228,9,0,5 6 35,2,10,,17166,9,0,5 6 35,2,10,,17275,9,0,5 6 35,2,10,,17119,9,0,5 6 35,2,10,,17178,9,0,5 6 35,2,10,,17201,9,0,5 6 35,2,50,,17215,9,0,5 6 35,2,10,,17226,9,0,5 6 35,2,10,,17171,9,0,5 6 35,2,10,,17162,9,0,5 6 35,2,10,,17172,9,0,5 6 35,2,10,,17117,9,0,5 6 35,2,50,,17245,9,0,5 6 35,2,5,,7775,9,0,5 6 35,2,5,,17141,9,0,5 6 35,2,10,,17110,9,0,5 6 35,2,10,,17140,8,0,5 6 35,2,10,,17149,8,0,5 6 35,2,7,,17127,8,0,5 6 35,2,46,,17196,8,0,5 6 35,2,6,,17219,8,0,5 6 35,2,6,,17213,8,0,5 6 35,2,6,,17142,8,0,5 6 35,2,6,,17139,8,0,5 6 35,2,6,,17222,8,0,5 6 35,2,6,,17279,8,0,5 6 35,2,6,,17159,8,0,5 6 35,2,6,,17135,8,0,5 6 35,2,6,,17167,8,0,5 6 35,2,46,,17268,8,0,5 6 35,2,6,,17116,9,0,5 6 35,2,6,,17123,9,0,5 6 35,2,6,,17284,9,0,5 6 35,2,6,,17199,9,0,5 6 35,2,6,,17126,9,0,5 6 35,2,6,,17216,9,0,5 6 35,2,6,,17258,9,0,5 6 35,2,6,,17233,9,0,5 6 35,2,6,,17208,9,0,5 6 35,2,46,,17131,9,0,5 6 35,2,6,,17154,9,0,5 6 35,2,6,,17263,9,0,5 6 35,2,6,,17230,9,0,5 6 35,2,6,,17269,9,0,5 6 35,2,6,,17272,9,0,5 6 35,2,6,,17234,9,0,5 6 35,2,6,,17280,9,0,5 6 35,2,6,,17194,9,0,5 6 35,2,6,,17185,9,0,5 6 35,2,46,,17130,9,0,5 6 35,2,6,,17124,9,0,5 6 35,2,6,,17175,9,0,5 6 35,2,6,,17200,9,0,5 6 35,2,6,,17237,9,0,5 6 35,2,6,,17271,9,0,5 6 35,2,6,,17273,9,0,5 6 35,2,6,,17277,9,0,5 6 35,2,6,,17259,9,0,5 6 35,2,6,,17203,9,0,5 6 35,2,46,,17198,9,0,5 6 35,2,6,,17241,9,0,5 6 35,2,6,,17156,9,0,5 6 35,2,6,,17169,9,0,5 6 35,2,6,,17151,9,0,5 6 35,2,6,,17249,9,0,5 6 35,2,6,,17235,9,0,5 6 35,2,6,,17247,9,0,5 6 35,2,6,,17181,9,0,5 6 35,2,6,,17138,9,0,5 6 35,2,46,,17224,9,0,5 6 35,2,6,,17283,9,0,5 6 35,2,6,,17128,9,0,5 6 35,2,6,,17188,9,0,5 6 35,2,6,,17236,9,0,5 6 35,2,6,,359,9,0,5 6 35,2,6,,17193,9,0,5 6 35,2,6,,17251,9,0,5 6 35,2,6,,17134,9,0,5 6 35,2,6,,17261,9,0,5 6 35,2,46,,17133,9,0,5 6 35,2,6,,17244,9,0,5 6 35,2,6,,17255,9,0,5 6 35,2,6,,17281,9,0,5 6 35,2,6,,17223,9,0,5 6 35,2,6,,17210,9,0,5 6 35,2,3,,17122,9,0,5 6 35,2,3,,17108,9,0,5 6 35,2,6,,17168,9,0,5 6 35,2,6,,17195,9,0,5 6 35,2,6,,17157,9,0,5 6 35,2,46,,17143,9,0,5 6 35,2,6,,17118,8,0,5 6 35,2,6,,17209,8,0,5 6 35,2,6,,17252,8,0,5 6 35,2,6,,17106,8,0,5 6 35,2,6,,17121,8,0,5 6 35,2,6,,17243,8,0,5 6 35,2,6,,17173,8,0,5 6 35,2,6,,17164,8,0,5 6 35,2,6,,17137,8,0,5 6 35,2,46,,17107,8,0,5 6 35,2,6,,17221,8,0,5 6 35,2,6,,17187,8,0,5 6 35,2,6,,17165,8,0,5 6 35,2,6,,17206,8,0,5 6 35,2,6,,17163,8,0,5 6 35,2,6,,17246,8,0,5 6 35,2,6,,17109,8,0,5 6 35,2,6,,17120,8,0,5 6 35,2,6,,17179,8,0,5 6 35,2,46,,17155,8,0,5 6 35,2,6,,17232,8,0,5 6 35,2,6,,17257,8,0,5 6 35,2,6,,17211,8,0,5 6 35,2,6,,17217,8,0,5 6 35,2,6,,17254,8,0,5 6 35,2,6,,17214,8,0,5 6 35,2,6,,17174,8,0,5 6 35,2,6,,17170,8,0,5 6 35,2,6,,17270,8,0,5 6 35,2,46,,17180,8,0,5 6 35,2,6,,17205,8,0,5 6 35,2,6,,17239,8,0,5 6 35,2,6,,17253,8,0,5 6 35,2,6,,17186,8,0,5 6 35,2,6,,17240,8,0,5 6 35,2,6,,17266,8,0,5 6 35,2,6,,17262,8,0,5 6 35,2,6,,17274,8,0,5 6 35,2,6,,17190,8,0,5 6 35,2,46,,17250,8,0,5 6 35,2,10,,17238,9,0,5 6 35,2,4,,17189,9,0,34,2,5,,17265,9,0,34,2,5,,17129,9,0,5 6 35,2,4,,9425,9,0,34,2,6,,17220,9,0,34,2,5,,6711,9,0,5 6 35,2,10,,17176,9,0,5 6 35,2,4,,17207,9,0,34,2,46,,4283,9,0,5 6 35,2,5,,17256,9,0,34,2,5,,17144,9,0,5 6 35,2,10,,17231,9,0,5 6 35,2,4,,17218,9,0,34,2,6,,17202,9,0,5 6 35,2,10,,17125,9,0,5 6 35,2,10,,17147,9,0,5 6 35,2,50,,17158,9,0,5 6 35,2,10,,17229,9,0,5 6 35,2,10,,17145,9,0,5 6 35,2,10,,17192,9,0,5 6 35,2,10,,17111,9,0,5 6 35,2,10,,17197,9,0,5 6 35,2,51,,17242,9,0,5 6 35,2,12,,17225,9,0,5 6 35,2,10,,17260,9,0,5 6 35,2,10,,4916,9,0,5 6 35,2,10,,17132,9,0,5 6 35,2,10,,17184,9,0,5 6 35,2,50,,17115,9,0,5 6 35,2,10,,17248,9,0,5 6 35,2,10,,17112,9,0,5 6 35,2,10,,17148,9,0,5 6 35,2,10,,17285,9,0,5 6 35,2,10,,17182,9,0,5 6 35,2,50,,17276,9,0,5 6 35,2,10,,17227,9,0,5 6 35,2,10,,17264,9,0,5 6 35,2,10,,17267,9,0,5 6 35,2,12,,17212,9,0,34,2,8,,17146,9,0,5 6 35,2,52,,17204,9,0,34,2,14,,17278,9,0,5 6 35,2,22,,17183,9,0,34,2,8,,17113,9,0,5 6 35,2
50502,'2',502,,17349,9,0,5 6 35,2,6,,17286,9,0,5 6 35,2,10,,17325,9,0,5 6 35,2,10,,17449,9,0,5 6 35,2,10,,17288,9,0,5 6 35,2,10,,17355,9,0,5 6 35,2,10,,17409,9,0,5 6 35,2,50,,17411,9,0,5 6 35,2,10,,17402,9,0,5 6 35,2,10,,17445,9,0,5 6 35,2,10,,17400,9,0,5 6 35,2,10,,17432,9,0,5 6 35,2,10,,17372,9,0,5 6 35,2,50,,17407,9,0,5 6 35,2,10,,17382,9,0,5 6 35,2,10,,17380,9,0,5 6 35,2,10,,17338,9,0,5 6 35,2,10,,17426,9,0,5 6 35,2,10,,17435,9,0,5 6 35,2,51,,17379,9,0,5 6 35,2,6,,17300,9,0,5 6 35,2,6,,17370,9,0,5 6 35,2,6,,17390,9,0,5 6 35,2,6,,17346,9,0,5 6 35,2,6,,17437,9,0,5 6 35,2,6,,17436,9,0,5 6 35,2,6,,17381,9,0,5 6 35,2,6,,17421,9,0,5 6 35,2,46,,17308,9,0,5 6 35,2,6,,17397,9,0,5 6 35,2,6,,17340,9,0,5 6 35,2,6,,17347,9,0,5 6 35,2,6,,17391,9,0,5 6 35,2,6,,17310,9,0,5 6 35,2,6,,17453,9,0,5 6 35,2,6,,17374,9,0,5 6 35,2,6,,17359,9,0,5 6 35,2,6,,17419,9,0,5 6 35,2,46,,17336,9,0,5 6 35,2,6,,17313,9,0,5 6 35,2,6,,17416,9,0,5 6 35,2,6,,17356,9,0,5 6 35,2,6,,17320,9,0,5 6 35,2,6,,17425,9,0,5 6 35,2,6,,17403,9,0,5 6 35,2,6,,17350,9,0,5 6 35,2,6,,17458,9,0,5 6 35,2,6,,17417,9,0,5 6 35,2,46,,17357,9,0,5 6 35,2,6,,17327,9,0,5 6 35,2,6,,17317,9,0,5 6 35,2,6,,17326,9,0,5 6 35,2,6,,17360,9,0,5 6 35,2,6,,17314,9,0,5 6 35,2,6,,17422,9,0,5 6 35,2,6,,17296,9,0,5 6 35,2,6,,17353,9,0,5 6 35,2,6,,17305,9,0,5 6 35,2,46,,17309,9,0,5 6 35,2,8,,2126,9,0,5 6 35,2,6,,17366,9,0,5 6 35,2,6,,17298,9,0,5 6 35,2,6,,17434,9,0,5 6 35,2,6,,17428,9,0,5 6 35,2,6,,17352,9,0,5 6 35,2,6,,17341,9,0,5 6 35,2,6,,17351,9,0,5 6 35,2,6,,17396,9,0,5 6 35,2,46,,17337,9,0,5 6 35,2,6,,17375,9,0,5 6 35,2,6,,17443,9,0,5 6 35,2,6,,17399,9,0,5 6 35,2,6,,17344,9,0,5 6 35,2,6,,17293,9,0,5 6 35,2,6,,17389,9,0,5 6 35,2,6,,17369,9,0,5 6 35,2,6,,17287,9,0,5 6 35,2,6,,17376,9,0,5 6 35,2,46,,17415,9,0,5 6 35,2,6,,17363,9,0,5 6 35,2,6,,17297,9,0,5 6 35,2,6,,17311,9,0,5 6 35,2,6,,17454,9,0,5 6 35,2,6,,17299,9,0,5 6 35,2,6,,17294,9,0,5 6 35,2,6,,17318,9,0,5 6 35,2,6,,17442,9,0,5 6 35,2,6,,17438,9,0,5 6 35,2,46,,17429,9,0,5 6 35,2,6,,17430,9,0,5 6 35,2,6,,17450,9,0,5 6 35,2,6,,17291,9,0,5 6 35,2,6,,17420,9,0,5 6 35,2,6,,6240,9,0,5 6 35,2,6,,17348,9,0,5 6 35,2,6,,17335,9,0,5 6 35,2,6,,17364,9,0,5 6 35,2,6,,8924,9,0,5 6 35,2,46,,17404,9,0,5 6 35,2,6,,17368,9,0,5 6 35,2,6,,17323,9,0,5 6 35,2,6,,17371,9,0,5 6 35,2,6,,17440,9,0,5 6 35,2,6,,17410,9,0,5 6 35,2,6,,17378,9,0,5 6 35,2,6,,17377,9,0,5 6 35,2,6,,17362,9,0,5 6 35,2,6,,17334,9,0,5 6 35,2,46,,17427,9,0,5 6 35,2,6,,17328,9,0,5 6 35,2,6,,17401,9,0,5 6 35,2,6,,17289,9,0,5 6 35,2,6,,17423,9,0,5 6 35,2,6,,17451,9,0,5 6 35,2,6,,17312,9,0,5 6 35,2,8,,17339,9,0,34,2,4,,17342,9,0,5 6 35,2,6,,17439,9,0,5 6 35,2,46,,17448,9,0,5 6 35,2,8,,17408,9,0,34,2,4,,17332,9,0,5 6 35,2,6,,17295,9,0,5 6 35,2,6,,17392,9,0,5 6 35,2,6,,17306,9,0,5 6 35,2,8,,17444,9,0,5 6 35,2,6,,17322,9,0,34,2,2,,17304,9,0,5 6 35,2,8,,17452,9,0,5 6 35,2,48,,17315,9,0,5 6 35,2,1,,17367,9,0,34,2,9,,17383,9,0,5 6 35,2,4,,17398,9,0,34,2,6,,17358,9,0,5 6 35,2,5,,17319,9,0,34,2,5,,2599,9,0,5 6 35,2,10,,17316,9,0,5 6 35,2,10,,17384,9,0,5 6 35,2,50,,17301,9,0,5 6 35,2,4,,17385,9,0,34,2,6,,17324,9,0,5 6 35,2,10,,17393,9,0,5 6 35,2,10,,17457,9,0,5 6 35,2,10,,17433,9,0,5 6 35,2,10,,17424,9,0,5 6 35,2,50,,17345,9,0,5 6 35,2,10,,17333,9,0,5 6 35,2,10,,17441,9,0,5 6 35,2,10,,17302,9,0,5 6 35,2,10,,17330,9,0,5 6 35,2,10,,17431,9,0,5 6 35,2,50,,17395,9,0,5 6 35,2,10,,17329,9,0,5 6 35,2,10,,17394,9,0,5 6 35,2,10,,1587,9,0,5 6 35,2,10,,17361,9,0,5 6 35,2,10,,17386,9,0,5 6 35,2,50,,17343,9,0,5 6 35,2,10,,17307,9,0,5 6 35,2,10,,17446,9,0,5 6 35,2,10,,17331,9,0,5 6 35,2,10,,17455,9,0,5 6 35,2,10,,17321,9,0,5 6 35,2,52,,17388,9,0,5 6 35,2,8,,17414,9,0,5 6 35,2,10,,17412,9,0,5 6 35,2,12,,17459,9,0,5 6 35,2,5,,17405,9,0,34,2,10,,17413,9,0,5 6 35,2,60,,17292,9,0,34,2,87,,17303,9,0,34,2
50502,'3',754,,17514,9,0,5 6 35,2,50,,17553,9,0,5 6 35,2,10,,17477,9,0,5 6 35,2,10,,17577,9,0,5 6 35,2,10,,17496,9,0,5 6 35,2,10,,17546,9,0,5 6 35,2,10,,17501,9,0,5 6 35,2,46,,17540,9,0,5 6 35,2,7,,17520,9,0,5 6 35,2,6,,17493,9,0,5 6 35,2,6,,17517,9,0,5 6 35,2,6,,17466,9,0,5 6 35,2,6,,17475,9,0,5 6 35,2,6,,17576,9,0,5 6 35,2,6,,17486,9,0,5 6 35,2,6,,17588,9,0,5 6 35,2,6,,17533,9,0,5 6 35,2,46,,17470,9,0,5 6 35,2,6,,17537,9,0,5 6 35,2,6,,17505,9,0,5 6 35,2,6,,17474,9,0,5 6 35,2,6,,17604,9,0,5 6 35,2,6,,17549,9,0,5 6 35,2,6,,17580,9,0,5 6 35,2,6,,17573,9,0,5 6 35,2,6,,17471,9,0,5 6 35,2,6,,17509,9,0,5 6 35,2,46,,17467,9,0,5 6 35,2,6,,17591,9,0,5 6 35,2,6,,17565,9,0,5 6 35,2,6,,17581,9,0,5 6 35,2,6,,17528,9,0,5 6 35,2,6,,17564,9,0,5 6 35,2,6,,17506,9,0,5 6 35,2,6,,17478,9,0,5 6 35,2,6,,17562,9,0,5 6 35,2,6,,17534,9,0,5 6 35,2,46,,17560,9,0,5 6 35,2,6,,17503,9,0,5 6 35,2,6,,17519,9,0,5 6 35,2,6,,17603,9,0,5 6 35,2,6,,17491,9,0,5 6 35,2,6,,17485,9,0,5 6 35,2,6,,17489,9,0,5 6 35,2,6,,17512,9,0,5 6 35,2,6,,17582,9,0,5 6 35,2,6,,17569,9,0,5 6 35,2,46,,17530,9,0,5 6 35,2,6,,17526,9,0,5 6 35,2,6,,17523,9,0,5 6 35,2,6,,17507,9,0,5 6 35,2,6,,17567,9,0,5 6 35,2,6,,17482,9,0,5 6 35,2,6,,17552,9,0,5 6 35,2,6,,17500,9,0,5 6 35,2,6,,17479,9,0,5 6 35,2,6,,17504,9,0,5 6 35,2,46,,17499,9,0,5 6 35,2,6,,17544,9,0,5 6 35,2,6,,17541,9,0,5 6 35,2,6,,17597,9,0,5 6 35,2,6,,17579,9,0,5 6 35,2,6,,17521,9,0,5 6 35,2,6,,17609,9,0,5 6 35,2,6,,17557,9,0,5 6 35,2,6,,17464,9,0,5 6 35,2,6,,17555,9,0,5 6 35,2,46,,17513,9,0,5 6 35,2,6,,17545,9,0,5 6 35,2,6,,17556,9,0,5 6 35,2,6,,17481,9,0,5 6 35,2,6,,17502,9,0,5 6 35,2,6,,17488,9,0,5 6 35,2,6,,17538,9,0,5 6 35,2,6,,17463,9,0,5 6 35,2,6,,17511,9,0,5 6 35,2,6,,17574,9,0,5 6 35,2,46,,17532,9,0,5 6 35,2,6,,17554,9,0,5 6 35,2,6,,17476,9,0,5 6 35,2,6,,6993,9,0,5 6 35,2,6,,17516,9,0,5 6 35,2,6,,17610,9,0,5 6 35,2,6,,17583,9,0,5 6 35,2,6,,17585,9,0,5 6 35,2,6,,17473,9,0,5 6 35,2,6,,17571,9,0,5 6 35,2,46,,17595,9,0,5 6 35,2,6,,17607,9,0,5 6 35,2,6,,17510,9,0,5 6 35,2,6,,17480,9,0,5 6 35,2,6,,17490,9,0,5 6 35,2,6,,17525,9,0,5 6 35,2,6,,17601,9,0,5 6 35,2,6,,17527,9,0,5 6 35,2,6,,17531,9,0,5 6 35,2,6,,17460,9,0,5 6 35,2,46,,17494,9,0,5 6 35,2,6,,17472,9,0,5 6 35,2,6,,17468,9,0,5 6 35,2,6,,17570,9,0,5 6 35,2,6,,17495,9,0,5 6 35,2,6,,17599,9,0,5 6 35,2,6,,17568,9,0,5 6 35,2,6,,17605,9,0,5 6 35,2,6,,17593,9,0,5 6 35,2,6,,17542,9,0,5 6 35,2,46,,17608,9,0,5 6 35,2,6,,17483,9,0,5 6 35,2,9,,17606,9,0,5 6 35,2,6,,17529,9,0,34,2,4,,17548,9,0,5 6 35,2,6,,17559,9,0,34,2,4,,17584,9,0,5 6 35,2,10,,17566,9,0,5 6 35,2,6,,17484,9,0,34,2,4,,17498,9,0,5 6 35,2,46,,17461,9,0,34,2,4,,17561,9,0,5 6 35,2,10,,17602,9,0,5 6 35,2,6,,17536,9,0,34,2,4,,17539,9,0,5 6 35,2,10,,17575,9,0,5 6 35,2,10,,17587,9,0,5 6 35,2,10,,17551,9,0,5 6 35,2,50,,17572,9,0,5 6 35,2,10,,17578,9,0,5 6 35,2,10,,17492,9,0,5 6 35,2,10,,17594,9,0,5 6 35,2,10,,17598,9,0,5 6 35,2,13,,17515,9,0,5 6 35,2,51,,17589,9,0,5 6 35,2,10,,17508,9,0,5 6 35,2,10,,17497,9,0,5 6 35,2,10,,17612,9,0,5 6 35,2,7,,17487,9,0,34,2,3,,17522,9,0,5 6 35,2,50,,17563,9,0,5 6 35,2,10,,17592,9,0,5 6 35,2,10,,17611,9,0,5 6 35,2,10,,17558,9,0,5 6 35,2,10,,17469,9,0,5 6 35,2,10,,17586,9,0,5 6 35,2,50,,17462,9,0,5 6 35,2,10,,17543,9,0,5 6 35,2,10,,17524,9,0,5 6 35,2,10,,17547,9,0,5 6 35,2,13,,17518,9,0,5 6 35,2,8,,17535,9,0,34,2,4,,17600,9,0,5 6 35,2
50502,'5',452,,17709,9,0,5 6 35,2,62,,17650,9,0,5 6 35,2,15,,17754,9,0,5 6 35,2,15,,17720,9,0,5 6 35,2,15,,17695,9,0,5 6 35,2,55,,17671,9,0,5 6 35,2,10,,17739,9,0,5 6 35,2,10,,17740,9,0,5 6 35,2,10,,17682,9,0,5 6 35,2,10,,17674,9,0,5 6 35,2,50,,17727,9,0,5 6 35,2,10,,17673,9,0,5 6 35,2,10,,17750,9,0,5 6 35,2,10,,17760,9,0,5 6 35,2,10,,17778,9,0,5 6 35,2,10,,17621,9,0,5 6 35,2,50,,17636,9,0,5 6 35,2,10,,17644,9,0,5 6 35,2,10,,17702,9,0,5 6 35,2,10,,17667,9,0,5 6 35,2,10,,17662,9,0,5 6 35,2,10,,17763,9,0,5 6 35,2,46,,17641,9,0,5 6 35,2,7,,17779,9,0,5 6 35,2,6,,17637,9,0,5 6 35,2,6,,17708,9,0,5 6 35,2,6,,17670,9,0,5 6 35,2,6,,17666,9,0,5 6 35,2,6,,17669,9,0,5 6 35,2,6,,17725,9,0,5 6 35,2,6,,17757,9,0,5 6 35,2,6,,17696,9,0,5 6 35,2,46,,17652,9,0,5 6 35,2,6,,17775,9,0,5 6 35,2,6,,17777,9,0,5 6 35,2,6,,17661,9,0,5 6 35,2,6,,17690,9,0,5 6 35,2,6,,17737,9,0,5 6 35,2,6,,17680,9,0,5 6 35,2,6,,17655,9,0,5 6 35,2,6,,17710,9,0,5 6 35,2,6,,17683,9,0,5 6 35,2,46,,17713,9,0,5 6 35,2,6,,17766,9,0,5 6 35,2,6,,17668,9,0,5 6 35,2,6,,17616,9,0,5 6 35,2,6,,17693,9,0,5 6 35,2,6,,17700,9,0,5 6 35,2,6,,17649,9,0,5 6 35,2,6,,17756,9,0,5 6 35,2,6,,17664,9,0,5 6 35,2,6,,17774,9,0,5 6 35,2,46,,17716,9,0,5 6 35,2,6,,17651,9,0,5 6 35,2,6,,17726,9,0,5 6 35,2,6,,17729,9,0,5 6 35,2,6,,17758,9,0,5 6 35,2,6,,17705,9,0,5 6 35,2,6,,17672,9,0,5 6 35,2,6,,17731,9,0,5 6 35,2,6,,17704,9,0,5 6 35,2,6,,17759,9,0,5 6 35,2,46,,17744,9,0,5 6 35,2,6,,17770,9,0,5 6 35,2,6,,17659,9,0,5 6 35,2,6,,17776,9,0,5 6 35,2,6,,17746,9,0,5 6 35,2,6,,17687,9,0,5 6 35,2,6,,17747,9,0,5 6 35,2,6,,17633,9,0,5 6 35,2,6,,17626,9,0,5 6 35,2,6,,17761,9,0,5 6 35,2,46,,17642,9,0,5 6 35,2,6,,17714,9,0,5 6 35,2,6,,10092,9,0,5 6 35,2,6,,17639,9,0,5 6 35,2,6,,17634,9,0,5 6 35,2,6,,17628,9,0,5 6 35,2,6,,17736,9,0,5 6 35,2,6,,17703,9,0,5 6 35,2,6,,17625,9,0,5 6 35,2,6,,17638,9,0,5 6 35,2,46,,17768,9,0,5 6 35,2,6,,17707,9,0,5 6 35,2,6,,17772,9,0,5 6 35,2,6,,17635,9,0,5 6 35,2,6,,17685,9,0,5 6 35,2,6,,17769,9,0,5 6 35,2,6,,17656,9,0,5 6 35,2,6,,17717,9,0,5 6 35,2,6,,17765,9,0,5 6 35,2,6,,17615,9,0,5 6 35,2,46,,17722,9,0,5 6 35,2,6,,17712,9,0,5 6 35,2,6,,17614,9,0,5 6 35,2,6,,17624,9,0,5 6 35,2,6,,17773,9,0,5 6 35,2,6,,17749,9,0,5 6 35,2,6,,17631,9,0,5 6 35,2,6,,17755,9,0,5 6 35,2,6,,17724,9,0,5 6 35,2,6,,17677,9,0,5 6 35,2,46,,17723,9,0,5 6 35,2,6,,17697,9,0,5 6 35,2,6,,17640,9,0,5 6 35,2,6,,17732,9,0,5 6 35,2,6,,17630,9,0,5 6 35,2,6,,17627,9,0,5 6 35,2,6,,17734,9,0,5 6 35,2,6,,17721,9,0,5 6 35,2,6,,17663,9,0,5 6 35,2,6,,17622,9,0,5 6 35,2,46,,17728,9,0,5 6 35,2,6,,17751,9,0,5 6 35,2,6,,17745,9,0,5 6 35,2,6,,17691,9,0,5 6 35,2,6,,17748,9,0,5 6 35,2,6,,17645,9,0,5 6 35,2,6,,17741,9,0,5 6 35,2,6,,4752,9,0,5 6 35,2,6,,17648,9,0,5 6 35,2,6,,17711,9,0,5 6 35,2,46,,17620,9,0,5 6 35,2,6,,17718,9,0,5 6 35,2,9,,17619,9,0,5 6 35,2,6,,17699,9,0,34,2,4,,17698,9,0,5 6 35,2,6,,17762,9,0,34,2,4,,17658,9,0,5 6 35,2,10,,17733,9,0,5 6 35,2,6,,17753,9,0,34,2,4,,17730,9,0,5 6 35,2,46,,17654,9,0,34,2,4,,17715,9,0,5 6 35,2,10,,17781,9,0,5 6 35,2,6,,17686,9,0,34,2,4,,17688,9,0,5 6 35,2,10,,17613,9,0,5 6 35,2,10,,17771,9,0,5 6 35,2,10,,17660,9,0,5 6 35,2,50,,17678,9,0,5 6 35,2,10,,17665,9,0,5 6 35,2,10,,17694,9,0,5 6 35,2,10,,17706,9,0,5 6 35,2,10,,17646,9,0,5 6 35,2,13,,17653,9,0,5 6 35,2,51,,17743,9,0,5 6 35,2,10,,17681,9,0,5 6 35,2,10,,17629,9,0,5 6 35,2,10,,17647,9,0,5 6 35,2,7,,17735,9,0,34,2,3,,11433,9,0,5 6 35,2,50,,17676,9,0,5 6 35,2,10,,17675,9,0,5 6 35,2,10,,17742,9,0,5 6 35,2,10,,17679,9,0,5 6 35,2,10,,17632,9,0,5 6 35,2,10,,17738,9,0,5 6 35,2,50,,17684,9,0,5 6 35,2,10,,17764,9,0,5 6 35,2,10,,17623,9,0,5 6 35,2,10,,17752,9,0,5 6 35,2,13,,17689,9,0,5 6 35,2,8,,17657,9,0,34,2,4,,17719,9,0,5 6 35,2
50601,'1',553,,10982,25,4,,2,55,,17809,25,4,,2,15,,17907,25,4,,2,15,,17963,25,4,,2,13,,17933,25,4,,2,52,,17873,25,4,,2,12,,18002,25,4,,2,12,,17860,25,4,,2,12,,17942,25,4,,2,12,,17995,25,4,,2,53,,8670,25,4,,2,9,,17843,25,4,,2,9,,17930,25,4,,2,9,,17802,25,4,,2,9,,17868,25,4,,2,9,,17782,25,4,,2,9,,17783,25,4,,2,49,,17877,25,4,,2,9,,17939,25,4,,2,9,,17957,25,4,,2,9,,17814,25,4,,2,9,,17883,25,4,,2,9,,17817,25,4,,2,49,,17885,25,4,,2,10,,17806,25,4,,2,10,,17857,25,4,,2,10,,17850,25,4,,2,10,,17840,25,4,,2,10,,18004,25,4,,2,50,,17784,25,4,,2,10,,18022,25,4,,2,10,,17831,25,4,,2,10,,17795,25,4,,2,10,,17988,25,4,,2,10,,17808,25,4,,2,50,,17985,25,4,,2,10,,17889,25,4,,2,10,,18024,25,4,,2,10,,17965,25,4,,2,10,,18006,25,4,,2,10,,17864,25,4,,2,50,,17800,25,4,,2,10,,17945,25,4,,2,10,,17951,25,4,,2,10,,17813,25,4,,2,10,,17916,25,4,,2,10,,17959,25,4,,2,50,,17886,25,4,,2,10,,17861,25,4,,2,10,,17862,25,4,,2,10,,17822,25,4,,2,10,,17980,25,4,,2,10,,17943,25,4,,2,50,,18017,25,4,,2,7,,17961,25,4,,2,5,,17941,25,4,,2,12,,5055,25,4,,2,9,,17801,25,4,,2,9,,17890,25,4,,2,9,,17789,25,4,,2,49,,17938,25,4,,2,9,,17932,25,4,,2,9,,17835,25,4,,2,9,,17820,25,4,,2,9,,17875,25,4,,2,9,,17901,25,4,,2,9,,17892,25,4,,2,49,,17972,25,4,,2,9,,17787,25,4,,2,9,,17855,25,4,,2,9,,17790,25,4,,2,9,,17871,25,4,,2,9,,17869,25,4,,2,9,,18003,25,4,,2,49,,9506,25,4,,2,9,,17794,25,4,,2,9,,18009,25,4,,2,9,,17905,25,4,,2,9,,17969,25,4,,2,9,,17895,25,4,,2,49,,17977,25,4,,2,9,,17844,25,4,,2,9,,17928,25,4,,2,6,,17792,25,4,,2,6,,17882,25,4,,2,8,,1985,25,4,,2,8,,17906,25,4,,2,6,,17983,25,4,,2,50,,17853,25,4,,2,10,,17818,25,4,,2,10,,17897,25,4,,2,10,,18018,25,4,,2,10,,17993,25,4,,2,10,,17973,25,4,,2,50,,17893,25,4,,2,10,,17821,25,4,,2,10,,17805,25,4,,2,10,,17796,25,4,,2,10,,17902,25,4,,2,10,,17880,25,4,,2,50,,17966,25,4,,2,10,,17836,25,4,,2,10,,17793,25,4,,2,8,,17888,25,4,,2,10,,17837,25,4,,2,14,,17810,25,4,,2,54,,17991,25,4,,2,14,,17903,25,4,,2,14,,17926,25,4,,2,14,,17919,25,4,,2,54,,17912,25,4,,2,14,,17799,25,4,,2,14,,17914,25,4,,2,14,,17816,25,4,,2,54,,17854,25,4,,2,14,,18015,25,4,,2,14,,18021,25,4,,2,14,,17958,25,4,,2,14,,18005,25,4,,2
50601,'2',554,,18215,25,4,,2,70,,18221,25,4,,2,12,,18087,25,4,,2,12,,18057,25,4,,2,52,,18114,25,4,,2,12,,18231,25,4,,2,12,,18118,25,4,,2,12,,18246,25,4,,2,12,,18138,25,4,,2,52,,18201,25,4,,2,12,,18137,25,4,,2,12,,18101,25,4,,2,12,,18079,25,4,,2,12,,18257,25,4,,2,52,,18070,25,4,,2,9,,18084,25,4,,2,9,,18205,25,4,,2,9,,18072,25,4,,2,9,,18082,25,4,,2,9,,18239,25,4,,2,9,,18217,25,4,,2,49,,18143,25,4,,2,9,,18117,25,4,,2,9,,18214,25,4,,2,9,,18116,25,4,,2,9,,18094,25,4,,2,9,,18047,25,4,,2,9,,18119,25,4,,2,49,,18144,25,4,,2,9,,2083,25,4,,2,9,,18136,25,4,,2,9,,18034,25,4,,2,9,,18236,25,4,,2,9,,18139,25,4,,2,49,,18045,25,4,,2,9,,18226,25,4,,2,9,,18229,25,4,,2,9,,18077,25,4,,2,13,,18163,25,4,,2,9,,18107,25,4,,2,9,,18261,25,4,,2,49,,18056,25,4,,2,9,,18254,25,4,,2,9,,18234,25,4,,2,9,,18171,25,4,,2,9,,18256,25,4,,2,9,,18272,25,4,,2,49,,18033,25,4,,2,9,,18170,25,4,,2,9,,18258,25,4,,2,9,,18131,25,4,,2,9,,18230,25,4,,2,9,,18175,25,4,,2,9,,18080,25,4,,2,49,,18125,25,4,,2,9,,18027,25,4,,2,9,,18109,25,4,,2,9,,18184,25,4,,2,9,,18172,25,4,,2,9,,18211,25,4,,2,9,,18098,25,4,,2,49,,18224,25,4,,2,9,,18042,25,4,,2,9,,18265,25,4,,2,9,,18112,25,4,,2,9,,18240,25,4,,2,9,,18157,25,4,,2,49,,18149,25,4,,2,9,,18111,25,4,,2,9,,18267,25,4,,2,9,,18204,25,4,,2,9,,18126,25,4,,2,9,,18158,25,4,,2,9,,18259,25,4,,2,49,,18270,25,4,,2,9,,18091,25,4,,2,9,,18208,25,4,,2,9,,18067,25,4,,2,9,,18255,25,4,,2,9,,18194,25,4,,2,9,,18162,25,4,,2,49,,18219,25,4,,2,9,,18031,25,4,,2,9,,18128,25,4,,2,9,,18093,25,4,,2,7,,18092,25,4,,2,7,,18225,25,4,,2,7,,18113,25,4,,2,47,,18146,25,4,,2,10,,18074,25,4,,2,10,,18127,25,4,,2,10,,18051,25,4,,2,10,,18187,25,4,,2,10,,18148,25,4,,2,50,,18048,25,4,,2,10,,18095,25,4,,2,10,,18222,25,4,,2,10,,18269,25,4,,2,10,,18068,25,4,,2,10,,18052,25,4,,2,50,,18189,25,4,,2,10,,18083,25,4,,2,10,,18193,25,4,,2,13,,18076,25,4,,2,14,,18060,25,4,,2,54,,18183,25,4,,2,14,,18054,25,4,,2,14,,18053,25,4,,2,14,,18192,25,4,,2,14,,18181,25,4,,2,54,,18103,25,4,,2,14,,18209,25,4,,2,14,,18228,25,4,,2,14,,18164,25,4,,2,54,,18266,25,4,,2,14,,18044,25,4,,2,14,,18038,25,4,,2,14,,18036,25,4,,2
50601,'3',739,,18417,25,4,,2,14,,18395,25,4,,2,54,,18368,25,4,,2,14,,18306,25,4,,2,12,,18309,25,4,,2,10,,18459,25,4,,2,10,,18302,25,4,,2,50,,18407,25,4,,2,10,,18321,25,4,,2,10,,18307,25,4,,2,10,,18304,25,4,,2,10,,18292,25,4,,2,10,,18359,25,4,,2,50,,18479,25,4,,2,10,,18296,25,4,,2,10,,18478,25,4,,2,10,,18472,25,4,,2,10,,18405,25,4,,2,10,,18298,25,4,,2,50,,18331,25,4,,2,10,,18444,25,4,,2,10,,18452,25,4,,2,10,,18403,25,4,,2,10,,18334,25,4,,2,10,,18420,25,4,,2,50,,18338,25,4,,2,10,,18347,25,4,,2,10,,18481,25,4,,2,17,,18427,25,4,,2,9,,18451,25,4,,2,9,,18392,25,4,,2,49,,18477,25,4,,2,9,,18310,25,4,,2,9,,18289,25,4,,2,9,,18312,25,4,,2,9,,18311,25,4,,2,9,,18362,25,4,,2,49,,18443,25,4,,2,9,,18291,25,4,,2,9,,18429,25,4,,2,9,,18300,25,4,,2,9,,18386,25,4,,2,9,,18285,25,4,,2,9,,18305,25,4,,2,49,,18286,25,4,,2,9,,18462,25,4,,2,9,,18301,25,4,,2,9,,18450,25,4,,2,9,,18353,25,4,,2,9,,18469,25,4,,2,9,,18486,25,4,,2,49,,18458,25,4,,2,9,,18393,25,4,,2,9,,18324,25,4,,2,9,,18391,25,4,,2,9,,18329,25,4,,2,9,,18453,25,4,,2,49,,18358,25,4,,2,9,,18441,25,4,,2,9,,18352,25,4,,2,9,,18461,25,4,,2,9,,18375,25,4,,2,9,,18454,25,4,,2,9,,18447,25,4,,2,49,,18345,25,4,,2,9,,18413,25,4,,2,9,,18349,25,4,,2,9,,18283,25,4,,2,9,,18412,25,4,,2,9,,18320,25,4,,2,9,,18455,25,4,,2,49,,18313,25,4,,2,9,,18363,25,4,,2,9,,18394,25,4,,2,3,,18430,25,4,,2,10,,18419,25,4,,2,8,,18381,25,4,,2,10,,1657,25,4,,2,50,,18476,25,4,,2,10,,18297,25,4,,2,10,,18421,25,4,,2,10,,18432,25,4,,2,10,,18373,25,4,,2,10,,18428,25,4,,2,50,,18409,25,4,,2,10,,18460,25,4,,2,10,,1166,25,4,,2,10,,18342,25,4,,2,10,,18341,25,4,,2,10,,18275,25,4,,2,50,,18350,25,4,,2,10,,18319,25,4,,2,14,,18322,25,4,,2,14,,18281,25,4,,2,14,,18337,25,4,,2,54,,18284,25,4,,2,14,,18423,25,4,,2,14,,18426,25,4,,2,14,,18378,25,4,,2,54,,18464,25,4,,2,14,,18325,25,4,,2,14,,18434,25,4,,2,14,,18327,25,4,,2,54,,18290,25,4,,2,14,,18317,25,4,,2,14,,18344,25,4,,2,14,,18457,25,4,,2
50601,'5',544,,18689,25,4,,2,14,,18691,25,4,,2,54,,18650,25,4,,2,14,,18718,25,4,,2,14,,18619,25,4,,2,14,,18697,25,4,,2,54,,18564,25,4,,2,17,,18706,25,4,,2,14,,18668,25,4,,2,14,,18696,25,4,,2,54,,18563,25,4,,2,14,,18598,25,4,,2,12,,18560,25,4,,2,10,,18505,25,4,,2,10,,18504,25,4,,2,50,,18535,25,4,,2,10,,18562,25,4,,2,10,,18566,25,4,,2,10,,18492,25,4,,2,10,,18514,25,4,,2,10,,18645,25,4,,2,50,,18675,25,4,,2,10,,18694,25,4,,2,10,,18493,25,4,,2,10,,18724,25,4,,2,10,,18542,25,4,,2,10,,18602,25,4,,2,50,,18661,25,4,,2,10,,18622,25,4,,2,10,,18583,25,4,,2,10,,12124,25,4,,2,10,,18651,25,4,,2,10,,18666,25,4,,2,50,,18671,25,4,,2,10,,18637,25,4,,2,10,,18579,25,4,,2,17,,18685,25,4,,2,9,,18677,25,4,,2,9,,18713,25,4,,2,49,,4081,25,4,,2,9,,18546,25,4,,2,9,,18670,25,4,,2,9,,18548,25,4,,2,9,,18647,25,4,,2,9,,18502,25,4,,2,49,,18698,25,4,,2,9,,18571,25,4,,2,9,,18612,25,4,,2,9,,18672,25,4,,2,9,,18663,25,4,,2,9,,18530,25,4,,2,9,,18704,25,4,,2,49,,18519,25,4,,2,9,,18569,25,4,,2,9,,5562,25,4,,2,9,,18511,25,4,,2,9,,18695,25,4,,2,9,,18541,25,4,,2,9,,18705,25,4,,2,49,,18725,25,4,,2,9,,18721,25,4,,2,9,,18490,25,4,,2,9,,18503,25,4,,2,9,,18717,25,4,,2,9,,18516,25,4,,2,49,,18565,25,4,,2,9,,18692,25,4,,2,9,,18709,25,4,,2,9,,18682,25,4,,2,9,,18585,25,4,,2,9,,18512,25,4,,2,9,,18554,25,4,,2,49,,18513,25,4,,2,9,,18684,25,4,,2,9,,18527,25,4,,2,9,,18643,25,4,,2,9,,18610,25,4,,2,9,,18526,25,4,,2,9,,18701,25,4,,2,49,,18606,25,4,,2,9,,18537,25,4,,2,9,,18679,25,4,,2,3,,18648,25,4,,2,10,,18700,25,4,,2,8,,18676,25,4,,2,10,,18599,25,4,,2,50,,2367,25,4,,2,10,,18626,25,4,,2,10,,18538,25,4,,2,10,,18543,25,4,,2,10,,18708,25,4,,2,10,,18520,25,4,,2,50,,18497,25,4,,2,10,,18722,25,4,,2,10,,18608,25,4,,2,10,,18665,25,4,,2,10,,18693,25,4,,2,10,,18710,25,4,,2,50,,18532,25,4,,2,10,,18577,25,4,,2,14,,18703,25,4,,2,14,,18507,25,4,,2,14,,18653,25,4,,2,54,,18680,25,4,,2,14,,18707,25,4,,2,14,,18496,25,4,,2,14,,18594,25,4,,2,54,,18657,25,4,,2,14,,740,25,4,,2,14,,18525,25,4,,2,14,,18662,25,4,,2,54,,18581,25,4,,2,14,,18536,25,4,,2,14,,18518,25,4,,2,14,,18673,25,4,,2
