30401,'1',2618,,26160,2,0,34,2,10,,26162,2,0,34,2,10,,26149,2,0,34,2,10,,26152,2,0,34,2,10,,26153,2,0,34,2,50,,26155,2,0,34,2,10,,26145,2,0,34,2,10,,26150,2,0,34,2,10,,26148,2,0,34,2,10,,26159,2,0,34,2,10,,24703,2,0,34,2,50,,26146,2,0,34,2,10,,26156,2,0,34,2,10,,26161,2,0,34,2,10,,26151,2,0,34,2,15,,26154,2,0,34,2,50,,26144,2,,,2,10,,26165,2,,,2,10,,26143,2,,,2,10,,26157,2,,,2,5,,26164,2,,,2
30401,'2',2625,,26170,2,0,34,2,10,,26174,2,0,34,2,10,,26187,2,0,34,2,10,,26182,2,0,34,2,50,,26167,2,0,34,2,10,,26178,2,0,34,2,10,,26169,2,0,34,2,10,,26176,2,0,34,2,10,,26177,2,0,34,2,10,,26186,2,0,34,2,50,,26181,2,0,34,2,10,,26180,2,0,34,2,10,,26173,2,0,34,2,10,,26183,2,0,34,2,10,,26179,2,0,34,2,12,,26188,2,0,34,2,50,,26168,2,,,2,10,,26185,2,,,2,5,,26166,2,,,2,5,,26172,2,,,2,10,,26171,2,,,2,10,,20660,2,,,2,53,,26184,2,,,2
30401,'3',514,,26205,2,0,31,2,14,,26196,2,0,31,2,14,,26232,2,0,31,2,14,,26220,2,0,31,2,54,,26213,2,0,31,2,14,,26215,2,0,31,2,14,,26230,2,0,31,2,14,,26233,2,0,31,2,54,,26206,2,0,31,2,14,,26191,2,0,31,2,14,,26202,2,0,31,2,14,,26198,2,0,31,2,54,,26212,2,0,31,2,1815,,26189,2,,,2,10,,26192,2,0,34,2,10,,26204,2,0,34,2,10,,26231,2,0,34,2,10,,26216,2,0,34,2,50,,26194,2,0,34,2,10,,26234,2,0,34,2,10,,26227,2,0,34,2,10,,26219,2,0,34,2,10,,26197,2,0,34,2,10,,26228,2,0,34,2,50,,26214,2,0,34,2,10,,26211,2,0,34,2,10,,24260,2,0,34,2,10,,26193,2,0,34,2,10,,26209,2,0,34,2,10,,26225,2,,,2,50,,26199,2,,,2,10,,26190,2,,,2
30401,'5',2627,,26236,2,0,34,2,10,,26246,2,0,34,2,10,,26243,2,0,34,2,10,,26245,2,0,34,2,50,,26238,2,0,34,2,10,,26242,2,0,34,2,10,,26239,2,0,34,2,10,,26251,2,0,34,2,10,,26248,2,0,34,2,10,,26253,2,0,34,2,50,,26252,2,0,34,2,10,,26240,2,0,34,2,10,,26237,2,0,34,2,10,,17707,2,0,34,2,10,,26244,2,0,34,2,10,,26247,2,,,2,50,,26249,2,,,2,10,,26250,2,,,2
30501,'1',2501,,26375,2,0,34,2,20,,26385,2,0,34,2,15,,26374,2,0,34,2,15,,26382,2,0,34,2,55,,26386,2,0,34,2,10,,26380,2,0,34,2,10,,26378,2,0,34,2,20,,26377,2,0,34,2,10,,26381,2,0,34,2,50,,26383,2,0,34,2,20,,26387,2,0,34,2,20,,26388,2,0,34,2,60,,26376,2,0,34,2,30,,26384,2,0,34,2,70,,26379,2,0,34,2
30501,'2',2513,,26392,2,0,34,2,6,,26391,2,0,34,2,2,,26399,2,0,34,2,15,,26400,2,0,34,2,10,,26396,2,0,34,2,10,,26393,2,0,34,2,60,,26397,2,0,34,2,20,,26389,2,0,34,2,20,,26395,2,0,34,2,60,,26394,2,0,34,2,20,,26403,2,0,34,2,20,,26401,2,0,34,2,70,,26398,2,0,34,2,8,,26390,2,0,34,2,22,,26404,2,0,34,2,70,,26402,2,0,34,2
30501,'3',518,,26421,2,0,34,2,15,,26432,2,0,34,2,15,,26420,2,0,34,2,54,,26427,2,0,34,2,16,,26419,2,0,34,2,15,,26407,2,0,34,2,15,,19402,2,0,34,2,55,,26431,2,0,34,2,15,,26411,2,0,34,2,10,,26414,2,0,34,2,10,,26436,2,0,34,2,10,,19219,2,0,34,2,10,,26424,2,0,34,2,1750,,26438,2,0,34,2,10,,26428,2,0,34,2,10,,26435,2,0,34,2,10,,26412,2,0,34,2,12,,26426,2,0,34,2,60,,25671,2,0,34,2,7,,26430,2,0,34,2,13,,26417,2,0,34,2,20,,26408,2,0,34,2,50,,26405,2,0,34,2,30,,26434,2,0,34,2,70,,26410,2,0,34,2,8,,26423,2,0,34,2,22,,26406,2,0,34,2,20,,26422,2,0,34,2
30501,'5',2508,,26442,2,0,34,2,11,,26445,2,0,34,2,9,,26443,2,0,34,2,10,,26453,2,0,34,2,12,,26444,2,0,34,2,57,,26446,2,0,34,2,6,,26447,2,0,34,2,17,,26441,2,0,34,2,20,,26448,2,0,34,2,60,,26449,2,0,34,2,20,,26452,2,0,34,2,27,,26439,2,0,34,2,51,,26450,2,0,34,2,22,,26451,2,0,34,2,70,,26440,2,0,34,2
50401,'1',502,,29252,2,0,46 43 44 3 45,2,15,,29366,2,0,46 43 44 3 45,2,10,,29209,2,0,46 43 44 3 45,2,10,,29329,2,0,46 43 44 3 45,2
50401,'2',450,,29563,2,0,46 43 44 3 45,2,60,,29472,2,0,46 43 44 3 45,2,15,,29449,2,0,46 43 44 3 45,2,15,,29387,2,0,46 43 44 3 45,2,10,,29615,2,0,46 43 44 3 45,2
50401,'5',514,,29918,2,0,46 43 44 3 45,2,14,,30102,2,0,46 43 44 3 45,2,14,,30026,2,0,46 43 44 3 45,2
50501,'1',516,,31248,2,0,34,2,12,,31245,2,0,34,2,10,,14700,2,0,34,2
50501,'2',515,,31327,2,0,34,2,15,,31408,2,0,34,2,10,,31460,2,0,34,2,10,,31366,2,0,34,2
50501,'5',518,,31753,2,0,34,2,21,,31697,2,0,34,2,15,,31743,2,0,34,2
