301,30101,'1',52498,64424,52064,64425,64426,64427,64428,64429,64430,64431,64432,64433,64434,64435,64436,64437,64438,64439,58277,64440,64441,64442,64443,64444,64445
301,30101,'2',64446,64447,64448,52088,64449,52090,64450,53110,64451,64452,64453,64454,64455,59697,64456,64457,64458,64459,58511,64460,64461,64462,64463,64464
301,30101,'3',64465,52112,64466,52114,64467,64468,64469,64470,64471,64472,64473,64474,64475,64476,64477,64478,64479,64480,64481,64482,64483,64484,64485,64486,64487,64488,64489
301,30102,'1',64490,64491,64492,64493,52142,52143,64494,64495,64496,64497,64498,53408,64499,53832,64500,64501,64502,55645,64503,64504,62891,64505,64506,64507,64508,60954,53065,64509,64510,64511,64512
301,30102,'2',64513,64514,64515,52175,52176,64516,64517,64518,64519,64520,64521,64522,64523,64524,64525,52187,64526,64527,64528,64529,64530,64531,64532,64533,64534,64535,54019,64536,64537,64538
301,30102,'3',64539,64540,64541,52201,64542,64543,58063,64544,64545,64546,64547,64548,64549,64550,64551,64552,64553,64554,64555,64556,64557,64558,64559,64560,64561,64562,64563,64564
304,30401,'1',52228,64565,64566,64567,64568,64569,64570,64571,64572,64573,64574,64575,64576,64577,64578,64579,64580,64581,64582,64583,64584
304,30401,'2',64585,64586,52248,64587,64588,52251,64589,52252,64590,52255,64591,64592,64593,64594,64595,64596,64597,64598,64599,64600,64601,64602,64603,64604,64605,64606,64607,54016,64608,64609,64610,64611
304,30401,'3',64612,57655,64613,52283,64614,52285,52286,52287,64615,52289,52290,64616,64617,52293,64618,64619,64620,64621,64622,64623,64624,64625,64626,64627,64628,64629,64630,64631,64632,64633,64634,64635,64636,64637,64638,64639,64640,64641,64642,53325,64643,64644,52320,64645,64646,64647,64648,63898,64649,57752,64650
304,30402,'1',64651,64652,64653,64654,62768,52334,64655,64656,64657,64658,64659,64660,64661,64662,64663,64664,64665,64666,64667,64668,64669
304,30402,'2',64670,52353,64671,64672,64673,64674,64675,64676,64677,64678,64679,64680,64681,64682,64683,64684,64685,64686,64687,64688,64689,64690,64691,64692
304,30402,'3',64693,64694,64695,64696,64697,64698,52381,52382,52383,52384,64699,64700,52387,64701,52389,64702,64703,64704,64705,64706,64707,64708,64709,64710,64711,52211,64712,64713,64714,64715,64716,60659,59266,64717,64718,64719,64720,64721,64722,64723,64724,64725,64726,64727,64728,64729,54155,64730,64731,64732,64733,64734,64735,64736
305,30501,'1',64737,64738,62811,64739,64740,64741,64742,64743,64744,64745,64746,64747,64748,64749,64750
305,30501,'2',52445,52446,64751,64752,64753,59687,64754,64755,64756,64757,64758,64759,64760,64761,64762,64763
305,30501,'3',64764,64765,64766,52462,64767,64768,64769,62588,64770,64771,64772,64773,64774,64775,64776,64777,64778,64779,64780,64781,64782,53728,64783,64784,58715,64785,64786,64787,64788,64789,64790,64791,64792,64793,64794,64795,64796
305,30502,'1',64797,64798,56895,64799,64800,64801,64802,64803,64804,64805,62301,64806
305,30502,'2',64095,64807,52512,64808,64809,64810,64811,64812,64813,64814,64815,64816,64817,64818,64819,64820,62523,64821
305,30502,'3',64822,64823,52529,64824,64825,64826,62576,64827,64828,64829,56157,64830,64831,64832,64833,64834,64835,64836,64837,64838,64839,64840,64841,64842,64843,52129,64844,64845,60766,64846,64847,64848,64849,60061,64850
306,30601,'1',52563,52564,52565,64851,59439,64852,64853,64854,64855,64856,64857,64858,64859,64860,56482,64861,64862,64863
306,30601,'2',64864,64865,53960,64866,64867,63635,64868,64869,64870,64871,64872,64873,64874,64875,59745,64876,64877,64878,64879
306,30601,'3',64880,56714,64881,64882,64883,64884,64885,64886,64887,64888,64889,64890,64891,64892,64893,64894,64895,64896,58685,64897,64898,64899,64900,64901,64902,64903,56293,64904,64905,64906,64907,64908,64909,64910
306,30602,'1',64911,53365,64912,64913,64914,52639,64915,64916,64917,56913,64918,64919,64920,64921,64922,54266,64923,64924,55758,64925
306,30602,'2',64926,64927,53516,52657,64928,64929,64930,64931,64932,64933,53174,64934,64935,64936,64937,64938,64939,64940,64941
306,30602,'3',64942,64943,64944,64945,52675,64946,52677,64947,64948,52680,64949,64950,64951,64952,64953,64954,64955,64956,64957,64958,64959,64960,64961,64962,64963,64964,64965,64966,64967,64968,64969,64970,64971,64972,64973,64974,64975,64976,64977,64978,64979,52330
310,31003,'1',64980,64981,64982,64983,64984,64985,64986,64987,64988,64989,64990,64991,64992,64993,64994
310,31003,'2',52730,64995,63632,64996,64997,64998,64999,65000,65001,65002,55982,65003,65004
310,31003,'3',65005,52744,65006,52746,65007,65008,65009,65010,65011,65012,65013,65014,65015,65016,65017,63852,65018,65019,64404,65020,65021,65022,65023,65024,65025
310,31004,'1',65026,65027,65028,52771,65029,65030,65031,65032,65033,65034,65035,65036,65037,65038,65039,65040
310,31004,'2',65041,65042,65043,65044,65045,65046,65047,65048,65049,65050,65051,65052,65053,65054
310,31004,'3',65055,65056,65057,65058,52800,52801,65059,65060,65061,65062,65063,65064,62010,65065,65066,65067,65068,65069,65070,65071,65072,65073,65074,65075,65076
312,31201,'1',52823,65077,65078,65079,65080,65081,65082,65083,65084,65085,65086,65087,65088,65089,65090,65091,65092
312,31201,'2',65093,65094,52843,52844,52845,52846,65095,65096,65097,65098,65099,65100,65101,65102,65103,65104,65105
312,31201,'3',52859,52860,65106,52862,52863,65107,65108,65109,65110,65111,65112,65113,65114,65115,65116,65117,65118,65119,65120,65121,65122,65123,63347,65124,65125,65126,65127,65128
312,31202,'1',65129,65130,53794,65131,65132,65133,65134,65135,65136,65137,65138,65139,65140,65141,61595,65142,65143,65144,65145,65146
312,31202,'2',65147,65148,52906,65149,65150,65151,65152,63113,65153,65154,65155,65156,65157,65158,65159,65160,65161,65162
312,31202,'3',65163,52923,53649,65164,52926,65165,65166,65167,65168,65169,65170,65171,65172,65173,59268,65174,65175,65176,65177,65178,62665,65179,65180,65181,65182,65183,65184,65185,65186,65187
501,50101,'1',65188,65189,65190,65191,52961,65192,52963,65193,52965,52966,65194,52968,52969,65195,65196,65197,52973,65198,53390,65199,52977,65200,65201,65202,52981,65203,52983,65204,65205,65206,65207,65208,65209,65210,65211,65212,65213,65214,65215,65216,65217,65218,65219,61531,65220,65221,65222,65223,65224,65225,65226,65227,65228,65229,65230,65231,65232,65233,65234,65235,65236,65237,65238,65239,65240,65241,65242,65243,65244,65245,65246,55625,65247,65248,65249,65250,65251,65252,65253,65254,65255,65256,65257,65258,65259,65260,65261,65262,65263,65264,65265,65266,65267,65268,65269,65270,65271,65272,65273,65274,65275,60938,65276,65277,58908,65278,65279,65280,65281,65282,65283,65284,65285,65286,65287,65288,55718,65289,65290,65291,65292,65293,65294,65295,65296,65297,65298,65299,65300,65301,62320,65302,65303,65304,65305,65306
501,50101,'2',65307,65308,65309,65310,65311,65312,65313,65314,65315,61671,53094,53095,53096,53097,65316,65317,53099,53100,53102,53103,65318,65319,53106,65320,65321,65322,65323,65324,53112,53113,65325,54961,65326,64131,65327,65328,65329,65330,65331,65332,65333,65334,65335,65336,65337,65338,65339,65340,65341,65342,65343,65344,65345,65346,65347,65348,65349,65350,65351,65352,65353,65354,65355,65356,65357,65358,63664,65359,65360,65361,65362,65363,65364,65365,65366,65367,65368,59080,65369,53172,65370,65371,65372,65373,65374,65375,65376,57988,65377,65378,65379,65380,65381,65382,65383,65384,65385,65386,65387,65388,65389,65390,65391,65392,65393,65394,65395,65396,65397,65398,65399,65400,65401,65402,65403,65404,65405,65406,65407,65408,65409,63732,65410,65411,65412,65413,55168,65414,65415,56046,65416,65417,65418,65419,65420,65421,65422,65423,65424,65425,65426,65427,65428
501,50101,'3',65429,65430,65431,65432,65433,65434,65435,65436,65437,65438,53245,65439,65440,65441,53249,65442,65443,65444,53253,65445,65446,65447,65448,65449,65450,65451,65452,65453,65454,65455,65456,56741,65457,65458,65459,65460,58618,65461,65462,65463,58067,65464,65465,65466,65467,65468,65469,65470,65471,65472,65473,65474,65475,65476,65477,65478,65479,65480,52402,65481,65482,65483,65484,65485,65486,52474,65487,65488,65489,65490,65491,65492,65493,65494,65495,65496,65497,65498,65499,65500,65501,65502,65503,65504,65505,65506,65507,65508,65509,65510,65511,65512,65513,65514,65515,65516,65517,65518,65519,65520,65521,65522,53339,65523,65524,65525,65526,65527,65528,65529,65530,65531,65532,65533,65534,65535,65536,65537,65538,65539,65540,65541,65542,65543,65544,65545,65546,65547,65548,65549,60055,65550,65551,65552
501,50102,'1',65553,65554,65555,65556,65557,65558,65559,65560,65561,65562,53375,65563,53376,65564,56351,65565,65566,65567,65568,65569,65570,53385,53386,53387,53388,53389,52975,53391,60825,65571,65572,56380,65573,65574,65575,65576,65577,65578,65579,65580,65581,65582,65583,65584,65585,65586,65587,65588,65589,65590,65591,65592,65593,65594,65595,65596,65597,65598,65599,65600,65601,65602,65603,65604,65605,65606,65607,65608,65609,65610,65611,65612,65613,65614,65615,65616,65617,65618,54772,65619,65620,53036,65621,65622,65623,65624,65625,65626,65627,65628,65629,65630,65631,65632,65633,65634,65635,65636,65637,65638,65639,55693,65640,65641,65642,65643,65644,65645,65646,65647,65648,65649,65650,65651,65652,65653,65654,65655,65656,65657,65658,62963,65659,65660,65661,65662,65663,65664,65665,65666,65667
501,50102,'2',65668,65669,65670,65671,65672,65673,65674,61670,53506,65675,53507,65676,53509,53510,53511,53512,65677,65678,53515,65679,53517,65680,65681,65682,54943,53522,53523,65683,65684,53526,65685,53528,65686,65687,65688,65689,65690,57934,65691,65692,65693,65694,65695,65696,65697,65698,65699,65700,65701,65702,65703,65704,65705,58426,65706,65707,65708,65709,65710,65711,65712,65713,65714,65715,65716,65717,65718,65719,65720,65721,65722,65723,65724,65725,65726,65727,65728,65729,65730,65731,65732,55057,65733,65734,53578,65735,65736,65737,65738,65739,65740,65741,65742,65743,65744,65745,65746,57596,65747,65748,65749,65750,65751,65752,65753,65754,65755,65756,65757,65758,65759,65760,65761,65762,65763,65764,65765,65766,65767,65768,65769,65770,65771,65772,65773,65774,65775,59151,65776,65777,65778,65779,54463,65780,65781,65782,65783,65784,65785,65786,52458,61236
501,50102,'3',65787,65788,65789,65790,65791,65792,53646,65793,65794,53647,53648,65795,53650,53651,53652,53653,53654,53655,65796,53657,65797,65798,65799,65800,65801,65802,53664,65803,53665,53667,65804,53669,65805,65806,53672,52864,65807,65808,65809,65810,65811,65812,53268,65813,65814,65815,65816,65817,61287,65818,58627,65819,65820,65821,65822,65823,61958,65824,65825,65826,65827,65828,65829,65830,65831,65832,65833,65834,57279,65835,65836,65837,65838,65839,65840,56206,65841,65842,65843,65844,65845,65846,65847,65848,65849,65850,65851,65852,65853,65854,65855,62661,65856,65857,65858,65859,65860,65861,65862,65863,65864,65865,65866,65867,65868,65869,65870,57741,65871,65872,65873,65874,65875,65876,65877,65878,65879,65880,65881,65882,65883,65884,65885,65886,65887,65888,65889,60775,56326,65890,65891,65892,65893,65894
503,50301,'1',65895,65896,65897,65898,65899,65900,65901,65902,54611,65903,65904,65905,53780,65906,65907,53782,65908,65909,65910,65911,53787,58779,53789,65912,53791,65913,65914,65915,53798,65916,65917,53800,65918,65919,65920,65921,65922,65923,65924,65925,65926,65927,65928,65929,65930,65931,65932,65933,65934,65935,65936,65937,65938,65939,65940,63467,65941,65942,65943,65944,65945,65946,65947,65948,53419,65949,65950,65951,65952,65953,65954,65955,65956,65957,65958,65959,65960,65961,65962,65963,65964,65965,65966,65967,65968,65969,65970,65971,65972,65973,65974,65975,65976,65977,65978,65979,65980,65981,65982,65983,65984,65985,65986,65987,65988,65989,65990,65991,65992,65993,65994,65995,65996,65997,60231,65998,65999,66000,66001,59540,55721,66002,66003,66004,66005,66006,66007,66008,66009,66010,66011,66012,66013,66014,66015,66016,66017,66018,66019,66020,66021,66022,66023,66024,66025,66026,66027,66028,66029,66030,66031,66032,66033,66034
503,50301,'2',66035,66036,66037,66038,66039,66040,66041,53934,53935,53936,53937,66042,66043,53940,66044,53942,66045,64114,66046,53946,53947,53948,66047,66048,66049,53952,66050,53954,53955,66051,53957,66052,66053,66054,57070,66055,59632,66056,66057,66058,66059,66060,66061,66062,66063,66064,66065,66066,66067,55003,66068,66069,53139,54380,66070,66071,66072,66073,66074,66075,66076,66077,66078,66079,66080,61791,66081,66082,66083,66084,66085,66086,66087,66088,66089,66090,66091,66092,66093,66094,66095,66096,66097,66098,66099,66100,66101,66102,66103,55110,66104,66105,66106,66107,66108,66109,66110,66111,66112,66113,66114,66115,66116,66117,66118,66119,66120,66121,58016,66122,66123,66124,66125,66126,66127,66128,66129,66130,66131,66132,66133,66134,66135,66136,66137,66138,66139,66140,66141,66142,66143,58553,66144,66145,66146,66147
503,50301,'3',66148,66149,66150,66151,66152,60563,66153,62549,66154,66155,66156,54072,66157,66158,54075,54076,66159,54078,66160,54080,66161,54082,66162,66163,66164,54086,66165,66166,66167,66168,66169,66170,66171,66172,66173,66174,66175,64302,66176,66177,66178,66179,66180,66181,66182,66183,66184,66185,66186,66187,66188,66189,66190,66191,66192,66193,66194,66195,66196,63833,66197,66198,66199,66200,66201,66202,66203,66204,66205,66206,66207,66208,66209,66210,66211,66212,66213,66214,66215,66216,66217,66218,66219,66220,66221,66222,66223,66224,66225,66226,66227,66228,66229,66230,66231,66232,66233,66234,66235,66236,66237,66238,66239,66240,66241,59335,66242,66243,66244,66245,66246,66247,66248,66249,66250,66251,66252,66253,66254,66255,66256,66257
503,50302,'1',66258,66259,66260,58769,66261,66262,60073,59375,66263,66264,66265,54196,66266,54198,54200,66267,54201,66268,66269,62135,66270,62136,54207,66271,66272,54210,66273,66274,66275,66276,66277,66278,66279,66280,66281,66282,66283,66284,66285,66286,66287,66288,66289,66290,66291,66292,66293,61536,66294,66295,66296,66297,66298,66299,52569,66300,66301,66302,66303,66304,66305,66306,66307,66308,66309,66310,66311,66312,66313,66314,57443,66315,66316,66317,66318,66319,66320,66321,66322,66323,66324,66325,66326,53446,66327,66328,66329,66330,66331,66332,66333,66334,66335,66336,66337,66338,66339,66340,66341,66342,66343,66344,66345,66346,66347,66348,66349,66350,66351,66352,66353,66354,66355,66356,54292,66357,66358,66359,66360,66361,66362,66363,66364,66365,66366,66367,66368,66369,66370,66371,66372,56493,66373,66374,66375,66376,66377,66378,66379,66380,66381,66382,66383,66384,66385,66386,66387,66388,66389,66390,66391,66392
503,50302,'2',66393,66394,66395,66396,66397,66398,66399,54345,54346,54347,54348,54349,54350,54351,66400,56555,66401,66402,54356,66403,66404,66405,66406,55846,66407,66408,66409,66410,66411,66412,59638,66413,66414,66415,66416,66417,66418,66419,66420,66421,66422,66423,66424,66425,66426,57098,66427,66428,66429,66430,66431,66432,66433,66434,66435,66436,66437,66438,66439,66440,66441,66442,66443,66444,61108,66445,66446,66447,66448,66449,53574,66450,66451,66452,66453,66454,66455,66456,66457,66458,66459,66460,66461,66462,66463,66464,66465,66466,66467,66468,55965,66469,66470,66471,66472,66473,66474,66475,66476,66477,66478,66479,66480,55114,66481,66482,66483,66484,66485,62497,66486,66487,66488,66489,66490,66491,66492,66493,66494,66495,66496,66497,66498,66499,66500,66501,66502,66503,66504,66505,66506,66507,66508,66509,66510,66511
503,50302,'3',66512,66513,66514,66515,66516,66517,66518,66519,54478,66520,66521,66522,54482,54483,66523,66524,66525,54487,54488,54489,66526,66527,66528,66529,66530,66531,66532,63239,66533,66534,66535,66536,66537,66538,66539,66540,66541,66542,66543,66544,66545,66546,66547,66548,66549,66550,66551,66552,66553,66554,66555,66556,66557,66558,66559,66560,66561,66562,66563,57713,66564,66565,66566,66567,66568,66569,57297,66570,66571,66572,66573,66574,66575,66576,66577,66578,66579,66580,66581,66582,66583,66584,66585,66586,66587,66588,66589,62682,66590,66591,66592,66593,66594,66595,66596,66597,66598,66599,66600,66601,66602,66603,66604,61392,66605,66606,66607,66608,66609,66610,66611,66612,66613,66614,66615,66616,66617,66618,66619,66620,66621,66622
504,50401,'1',66623,66624,66625,66626,66627,66628,66629,66630,66631,66632,66633,66634,66635,66636,66637,66638,63922,66639,66640,66641,58148,66642,66643,66644,66645,66646,54616,54617,66647,66648,66649,66650,66651,66652,54625,54626,55485,55486,66653,54628,54629,66654,66655,66656,66657,66658,66659,54637,66660,66661,66662,61484,54642,66663,54644,66664,66665,66666,66667,66668,66669,54652,66670,66671,66672,66673,66674,66675,66676,66677,66678,66679,66680,63958,66681,57404,66682,66683,66684,66685,66686,66687,66688,66689,66690,66691,66692,66693,66694,66695,66696,66697,66698,66699,66700,66701,66702,66703,66704,66705,66706,53410,66707,58213,66708,66709,66710,66711,66712,66713,66714,66715,58836,66716,66717,66718,66719,66720,66721,66722,66723,66724,66725,66726,66727,66728,66729,66730,66731,66732,66733,66734,66735,66736,66737,66738,66739,66740,66741,66742,66743,66744,66745,66746,66747,66748,66749,66750,58244,66751,66752,66753,66754,66755,66756,66757,57439,66758,66759,66760,66761,66762,62863,66763,66764,66765,66766,58254,66767,66768,66769,66770,66771,66772,66773,66774,66775,64015,66776,66777,66778,66779,66780,66781,66782,66783,66784,66785,66786,66787,66788,66789,66790,66791,66792,66793,66794,66795,66796,52345,66797,66798,66799,66800,60196,66801,66802,66803,66804,66805,66806,66807,66808,66809,66810,66811,66812,66813,61599,66814,66815,66816,66817,66818,66819,66820,66821,66822,66823,66824,66825,66826,66827,66828,66829,66830,66831,66832,66833,66834,66835,66836,66837,66838,66839,66840,66841,66842,66843,66844,66845,66846,59531,66847,66848,66849,66850,66851,66852,66853,66854,66855,66856,66857,66858,66859,55719,66860,66861,66862,66863,66864,66865,66866,66867,66868,66869,66870,66871,66872,66873,63550,66874,66875,66876,66877,66878,66879,66880,66881,53910,66882,66883,66884,66885,66886,60275,66887,66888,66889,66890,66891,54892,66892,66893,66894,66895,66896,66897,66898,66899,66900,66901,66902,66903,66904,66905,66906,66907,66908,66909,66910,66911
504,50401,'2',66912,66913,66914,62987,66915,66916,66917,66918,66919,66920,66921,66922,66923,66924,66925,66926,66927,57510,66928,66929,66930,54930,66931,54932,54933,54934,54935,66932,66933,54938,54939,54940,54941,54942,53521,54944,54945,54947,63614,66934,61047,54950,54951,54952,54953,54954,54955,66935,66936,54958,66937,66938,66939,66940,66941,66942,66943,66944,66945,66946,66947,66948,66949,66950,66951,66952,66953,66954,66955,66956,66957,57940,66958,66959,66960,66961,66962,66963,66964,66965,66966,66967,66968,66969,66970,66971,66972,66973,66974,66975,66976,66977,66978,66979,66980,57550,66981,66982,66983,66984,66985,66986,66987,66988,66989,66990,66991,66992,66993,66994,66995,66996,66997,66998,66999,67000,67001,67002,67003,67004,67005,62427,67006,67007,67008,67009,67010,61765,67011,67012,67013,67014,67015,67016,67017,67018,67019,67020,67021,67022,67023,67024,67025,67026,67027,67028,67029,57133,67030,67031,67032,67033,67034,67035,67036,67037,67038,67039,67040,67041,67042,56637,67043,67044,67045,67046,67047,64200,62466,67048,67049,67050,58495,67051,67052,67053,67054,67055,67056,67057,67058,67059,67060,67061,67062,67063,60466,67064,67065,67066,67067,59119,67068,67069,67070,67071,67072,67073,67074,67075,67076,67077,67078,67079,67080,67081,67082,67083,67084,67085,67086,67087,67088,67089,56660,67090,67091,67092,67093,67094,67095,67096,67097,67098,67099,67100,67101,67102,67103,67104,67105,67106,67107,67108,67109,67110,67111,67112,67113,67114,67115,67116,67117,67118,67119,67120,67121,67122,67123,67124,53622,67125,67126,67127,67128,67129,67130,67131,61220,67132,67133,67134,60529,56047,67135,63177,67136,67137,67138,67139,67140,67141,67142,59816,67143,67144,67145,67146,67147,67148,67149,67150,67151,67152,67153,67154,67155,67156,67157
504,50401,'3',67158,67159,67160,64268,67161,67162,67163,67164,67165,67166,59843,67167,67168,55220,55221,55222,55223,55224,67169,67170,55227,60583,55229,67171,55231,67172,67173,55234,55235,55236,56720,55238,55239,58053,55241,55242,55243,67174,67175,55246,55247,55248,55249,64292,67176,67177,67178,67179,67180,67181,67182,67183,67184,67185,67186,67187,67188,67189,67190,67191,67192,67193,67194,67195,67196,67197,67198,67199,67200,67201,67202,67203,67204,67205,67206,67207,67208,67209,67210,67211,67212,67213,67214,67215,67216,67217,67218,67219,67220,67221,67222,67223,67224,67225,67226,67227,67228,67229,67230,67231,67232,63821,67233,67234,67235,67236,67237,67238,67239,67240,67241,67242,67243,67244,67245,67246,67247,67248,67249,67250,67251,67252,67253,67254,67255,67256,67257,67258,67259,67260,67261,67262,67263,67264,67265,67266,67267,67268,67269,67270,67271,67272,67273,67274,67275,67276,67277,67278,67279,67280,67281,67282,67283,67284,67285,67286,67287,67288,67289,67290,56245,67291,67292,67293,67294,67295,67296,67297,67298,67299,67300,67301,67302,67303,67304,67305,67306,67307,67308,67309,67310,67311,67312,67313,67314,67315,67316,67317,67318,67319,67320,67321,67322,67323,67324,67325,67326,67327,67328,67329,53748,67330,67331,67332,67333,67334,67335,55408,67336,67337,67338,67339,67340,57748,67341,67342,67343,67344,67345,67346,67347,57753,67348,67349,67350,67351,67352,67353,67354,67355,67356,67357,67358,67359,67360,67361,67362,67363,67364,67365,67366,67367,67368,67369,67370,67371,67372,67373,67374,67375,67376,67377
504,50402,'1',67378,67379,67380,67381,67382,67383,67384,61458,67385,60788,67386,67387,67388,55476,55477,55478,67389,67390,67391,67392,67393,67394,67395,67396,67397,55487,67398,67399,67400,55491,55492,58171,55494,67401,55496,55497,67402,55499,55500,67403,55502,55504,67404,67405,67406,67407,67408,55511,67409,67410,67411,67412,55515,67413,67414,67415,67416,67417,55520,67418,67419,67420,67421,55526,67422,67423,67424,67425,67426,67427,67428,67429,67430,67431,67432,67433,67434,67435,67436,67437,67438,67439,67440,67441,67442,67443,67444,67445,67446,67447,67448,67449,67450,60836,67451,55562,67452,67453,67454,67455,67456,63975,67457,67458,67459,67460,67461,67462,67463,67464,67465,67466,67467,67468,67469,67470,67471,67472,67473,67474,67475,67476,67477,67478,67479,67480,67481,67482,67483,67484,67485,67486,67487,67488,67489,60872,67490,67491,67492,67493,67494,67495,67496,67497,67498,67499,67500,67501,67502,67503,67504,67505,67506,67507,55626,67508,67509,67510,67511,67512,67513,67514,67515,67516,67517,67518,67519,67520,67521,67522,67523,67524,67525,67526,67527,67528,67529,67530,67531,67532,67533,67534,67535,67536,67537,67538,67539,67540,67541,67542,67543,53863,67544,67545,67546,67547,67548,67549,67550,67551,67552,67553,67554,67555,67556,67557,67558,67559,67560,67561,67562,67563,67564,67565,67566,67567,67568,67569,67570,67571,67572,67573,67574,67575,67576,67577,67578,67579,67580,67581,67582,67583,67584,67585,67586,67587,67588,67589,67590,67591,67592,67593,67594,67595,67596,67597,67598,67599,67600,67601,67602,67603,67604,67605,67606,67607,67608,67609,67610,67611,67612,67613,67614,67615,67616,67617,67618,67619,67620,67621,62278,67622,67623,67624,67625,67626,67627,67628,67629,67630,67631,67632,67633,67634,67635,67636,67637,67638,67639,67640,67641,67642,67643,67644,54319,67645,67646,67647,67648,67649,67650,67651,67652,67653,67654,67655,67656,67657,67658,67659,67660,67661,67662,67663,67664,67665,67666,67667,67668,67669,67670,67671
504,50402,'2',67672,67673,67674,67675,67676,67677,67678,67679,67680,67681,67682,67683,67684,67685,55794,67686,67687,67688,55799,67689,55800,55801,67690,53101,55804,67691,67692,67693,67694,55809,55810,67695,67696,55813,67697,55816,67698,55817,67699,55819,67700,67701,55822,52253,55824,55825,55826,67702,67703,55829,67704,67705,55832,67706,67707,67708,67709,57532,67710,67711,67712,67713,67714,67715,67716,67717,67718,67719,67720,67721,67722,67723,67724,67725,67726,67727,67728,67729,67730,67731,67732,67733,67734,67735,67736,67737,67738,53550,67739,67740,67741,67742,67743,67744,67745,67746,67747,67748,67749,67750,67751,67752,67753,67754,67755,67756,67757,67758,67759,67760,67761,67762,67763,67764,67765,67766,67767,67768,67769,67770,67771,67772,67773,67774,67775,67776,67777,67778,67779,67780,67781,67782,67783,67784,53993,67785,67786,67787,67788,67789,67790,67791,67792,67793,67794,67795,67796,67797,67798,67799,67800,63101,67801,67802,57141,67803,67804,67805,67806,67807,67808,67809,67810,67811,67812,67813,67814,67815,67816,67817,67818,67819,67820,67821,67822,67823,67824,67825,67826,58494,57151,67827,55967,67828,67829,67830,67831,67832,67833,67834,67835,67836,67837,67838,67839,67840,67841,67842,67843,67844,67845,67846,67847,67848,67849,67850,67851,67852,67853,67854,67855,67856,67857,67858,67859,67860,67861,67862,67863,67864,67865,67866,67867,67868,67869,67870,67871,67872,67873,67874,53613,67875,67876,67877,67878,67879,67880,67881,67882,67883,67884,67885,67886,67887,67888,59790,67889,67890,58022,67891,67892,67893,67894,67895,67896,67897,67898,67899,67900,67901,61219,61874,59152,67902,67903,67904,67905,67906,67907,67908,67909,67910,67911,67912,67913,67914,67915,67916,67917,67918,67919,67920,67921,67922,67923,67924,67925,67926,67927,67928,67929,67930,67931,67932,52922,57646
504,50402,'3',67933,67934,67935,67936,67937,67938,67939,59840,57654,55213,67940,67941,67942,54477,67943,67944,67945,60566,67946,67947,56096,67948,56098,67949,67950,56101,56102,53246,67951,56105,67952,67953,67954,67955,56110,56111,67956,67957,67958,67959,56116,67960,56118,56119,67961,56121,56122,67962,56124,56125,56126,67963,56128,67964,67965,67966,67967,67968,59219,67969,67970,67971,67972,67973,67974,67975,58620,67976,67977,61286,67978,67979,67980,67981,67982,67983,67984,52541,67985,67986,67987,67988,67989,67990,67991,67992,67993,67994,67995,67996,67997,67998,67999,68000,68001,68002,68003,68004,68005,68006,68007,68008,68009,68010,68011,68012,68013,68014,68015,68016,68017,68018,68019,68020,68021,68022,55301,55304,68023,68024,68025,68026,68027,68028,68029,68030,68031,68032,68033,68034,68035,68036,58085,68037,68038,68039,68040,68041,68042,68043,68044,68045,68046,68047,68048,68049,68050,68051,68052,68053,68054,68055,68056,68057,68058,68059,68060,68061,68062,68063,68064,68065,68066,68067,68068,68069,68070,68071,68072,68073,68074,68075,68076,68077,68078,68079,68080,68081,68082,52481,68083,68084,68085,68086,68087,56250,68088,68089,68090,68091,58697,52415,68092,68093,68094,68095,68096,68097,68098,68099,68100,68101,68102,68103,68104,68105,68106,68107,68108,68109,68110,61378,56285,68111,68112,68113,68114,68115,68116,68117,68118,68119,68120,68121,68122,68123,68124,68125,68126,68127,68128,68129,68130,68131,68132,68133,68134,68135,68136,68137,57357,68138,68139,68140,68141,68142,68143,68144,68145,68146,68147,57760,68148,68149,68150
505,50501,'1',68151,68152,68153,68154,68155,68156,56344,68157,56345,56346,54623,56348,68158,56350,53378,56352,62122,56354,56355,56356,56357,68159,56358,68160,68161,68162,68163,68164,59403,56366,68165,56368,68166,68167,68168,68169,68170,54662,68171,68172,68173,68174,68175,68176,68177,68178,68179,68180,68181,68182,68183,68184,68185,68186,68187,68188,68189,68190,68191,68192,68193,68194,68195,68196,68197,68198,68199,68200,68201,68202,68203,68204,68205,68206,68207,68208,68209,68210,68211,68212,68213,68214,68215,54255,68216,68217,68218,68219,55638,68220,68221,68222,68223,68224,68225,68226,68227,68228,68229,68230,68231,68232,68233,68234,68235,68236,68237,68238,68239,68240,68241,68242,68243,68244,68245,68246,68247,68248,68249,68250,68251,68252,68253,68254,68255,68256,68257,68258,68259,61617,68260,68261,68262,54296,68263,68264,68265,68266,68267,68268,68269,68270,68271,68272,68273,68274,68275,68276,68277,68278,68279,68280,68281,55739,68282,68283,54312,68284,68285,68286,68287,68288,68289,68290,68291,68292,68293,68294,52085,68295,68296,68297,60279,68298,68299,68300,68301,68302,68303,60288,68304,68305,68306,68307,68308,68309,68310,68311,68312,68313
505,50501,'2',68314,68315,68316,68317,68318,68319,68320,68321,68322,68323,68324,56534,56535,56536,56537,68325,56539,56540,56541,56542,56543,68326,56545,68327,56547,68328,68329,68330,68331,68332,56553,56554,54353,68333,56557,56558,56559,56560,68334,68335,68336,68337,68338,68339,68340,68341,68342,68343,68344,68345,63047,68346,68347,68348,68349,68350,68351,68352,68353,68354,68355,68356,68357,68358,68359,68360,68361,68362,68363,68364,68365,68366,68367,68368,68369,68370,68371,68372,68373,68374,68375,68376,68377,68378,68379,68380,68381,68382,68383,68384,55043,68385,68386,68387,68388,68389,68390,68391,68392,68393,60432,68394,68395,68396,68397,68398,68399,68400,68401,68402,68403,68404,68405,68406,68407,57153,68408,68409,68410,68411,68412,68413,68414,68415,68416,68417,68418,68419,68420,68421,68422,68423,68424,68425,68426,68427,68428,68429,68430,68431,68432,68433,68434,68435,68436,68437,68438,68439,68440,68441,68442,68443,68444,68445,68446,68447,68448,68449,68450,68451,56677,68452,57639,68453,68454,68455,68456,68457,68458,68459,68460,68461,68462,68463,68464,68465,68466,68467
505,50501,'3',68468,68469,56701,68470,68471,68472,68473,68474,62550,68475,56708,68476,56710,56711,56712,68477,68478,56715,56716,56717,68479,56719,55237,68480,68481,56724,56725,68482,56727,53256,68483,56730,56732,68484,68485,68486,68487,56734,68488,68489,68490,68491,68492,68493,68494,68495,68496,59225,68497,68498,68499,68500,68501,68502,68503,68504,68505,68506,68507,68508,68509,68510,68511,68512,68513,68514,68515,68516,68517,68518,68519,68520,68521,68522,68523,68524,68525,68526,68527,68528,68529,68530,68531,68532,68533,68534,68535,68536,68537,68538,68539,68540,68541,62653,68542,68543,68544,68545,68546,68547,68548,68549,61350,68550,68551,68552,68553,68554,68555,68556,68557,56260,68558,68559,68560,68561,68562,68563,68564,68565,68566,68567,68568,68569,68570,68571,68572,68573,68574,68575,68576,68577,68578,68579,68580,68581,55421,68582,68583,68584,68585,68586,68587,68588,68589,68590,68591,68592,68593,68594,68595,68596,68597,68598
505,50502,'1',68599,68600,68601,68602,68603,68604,68605,68606,68607,68608,56867,56868,56870,68609,68610,54624,68611,56874,68612,56876,56877,68613,68614,68615,56881,68616,68617,68618,56884,62795,68619,68620,68621,68622,56890,68623,56893,68624,68625,58821,68626,68627,68628,68629,68630,68631,68632,68633,68634,68635,54671,68636,68637,68638,68639,56901,68640,68641,68642,68643,68644,68645,68646,68647,68648,68649,68650,68651,68652,68653,68654,68655,68656,68657,68658,68659,68660,68661,68662,68663,68664,68665,68666,68667,68668,68669,68670,68671,68672,68673,68674,68675,68676,68677,68678,68679,68680,68681,68682,68683,68684,68685,68686,68687,68688,54785,68689,68690,68691,68692,68693,68694,68695,68696,68697,68698,68699,68700,54275,68701,68702,68703,68704,68705,68706,68707,68708,68709,68710,68711,68712,68713,68714,68715,68716,68717,68718,68719,68720,68721,68722,68723,68724,68725,68726,68727,68728,68729,68730,68731,68732,68733,68734,68735,68736,68737,68738,68739,68740,68741,68742,68743,68744,68745,68746,68747,68748,68749,68750,68751,68752,68753,68754,68755,68756,68757,62956,68758,68759,68760,68761,68762,68763,61655,68764,68765
505,50502,'2',68766,68767,68768,68769,68770,68771,68772,68773,68774,57050,57051,68775,57053,68776,57055,57056,68777,68778,57058,57060,57061,68779,68780,57064,57065,68781,57067,57068,57069,68782,68783,68784,60349,68785,68786,68787,68788,68789,68790,68791,68792,57083,68793,68794,68795,68796,68797,68798,68799,68800,68801,68802,68803,68804,68805,68806,68807,68808,62415,68809,68810,68811,68812,68813,68814,68815,68816,68817,68818,68819,68820,68821,68822,68823,68824,68825,68826,57122,68827,68828,52661,68829,68830,68831,68832,68833,68834,68835,68836,68837,68838,68839,68840,68841,68842,68843,68844,63684,68845,68846,68847,68848,68849,68850,68851,68852,68853,68854,68855,68856,68857,68858,68859,68860,68861,68862,68863,68864,68865,68866,68867,68868,68869,68870,61162,68871,68872,68873,68874,68875,68876,68877,68878,68879,68880,68881,68882,68883,68884,60494,59780,68885,68886,68887,68888,68889,68890,68891,68892,68893,68894,52855,68895,68896,68897,68898,68899,68900,68901,68902,68903,61885,68904,68905,68906,68907,68908,68909,68910,68911,68912,68913,68914,68915,68916,68917,68918
505,50502,'3',68919,68920,68921,68922,68923,68924,57225,57226,68925,62552,68926,57230,68927,57231,68928,57234,68929,57236,57237,68930,57239,68931,68932,68933,68934,68935,68936,68937,68938,68939,68940,68941,68942,68943,68944,68945,59902,68946,68947,68948,68949,68950,68951,53272,68952,68953,68954,68955,68956,68957,68958,68959,68960,68961,68962,68963,68964,68965,68966,68967,68968,68969,68970,68971,68972,68973,68974,68975,68976,68977,59257,68978,68979,68980,68981,68982,68983,68984,68985,68986,68987,68988,68989,68990,68991,68992,68993,68994,68995,68996,68997,68998,68999,69000,69001,69002,69003,69004,69005,69006,69007,69008,69009,69010,56803,69011,69012,69013,69014,69015,69016,69017,69018,69019,69020,69021,69022,69023,69024,69025,69026,69027,69028,69029,55392,69030,69031,69032,69033,53348,69034,69035,69036,69037,69038,69039,69040,69041,69042,61404,69043,69044,69045,69046,69047,69048,69049,69050,69051,69052,69053,69054,69055,69056,69057
506,50601,'1',69058,69059,69060,69061,69062,69063,69064,69065,69066,57386,60080,69067,57389,57390,57391,69068,69069,69070,69071,57395,69072,53796,69073,69074,57400,69075,69076,69077,69078,69079,69080,69081,69082,69083,69084,69085,69086,69087,69088,69089,69090,69091,69092,69093,69094,69095,53418,69096,69097,69098,69099,69100,69101,69102,69103,69104,69105,69106,69107,69108,69109,69110,69111,69112,69113,69114,69115,69116,69117,69118,69119,69120,69121,69122,69123,69124,69125,69126,60189,55653,69127,69128,69129,69130,69131,69132,69133,69134,69135,69136,69137,69138,69139,69140,69141,69142,69143,69144,69145,69146,69147,69148,69149,69150,69151,59536,69152,69153,60957,69154,69155,69156,69157,69158,69159,69160,69161,69162,69163,54883,69164,69165,69166,69167,69168,69169,69170,69171,69172,69173,69174,69175,69176
506,50601,'2',69177,69178,69179,69180,61019,69181,69182,69183,69184,57513,57514,57515,57516,57517,57518,69185,57520,69186,69187,57523,69188,57525,69189,57527,57528,69190,69191,57531,69192,69193,69194,69195,69196,69197,69198,69199,69200,69201,69202,69203,69204,69205,69206,69207,69208,69209,69210,69211,69212,55002,53555,69213,69214,69215,69216,69217,69218,69219,69220,69221,69222,69223,69224,69225,69226,69227,69228,69229,69230,69231,69232,69233,69234,69235,69236,69237,69238,69239,69240,69241,69242,69243,69244,69245,69246,69247,69248,69249,63106,69250,69251,69252,61137,69253,69254,69255,69256,69257,69258,59735,61812,69259,69260,61819,69261,69262,69263,69264,59754,55108,69265,69266,69267,69268,69269,69270,69271,69272,69273,69274,69275,69276,69277,69278,69279,69280,69281,69282,69283,69284,69285,69286,69287,54044,69288,69289,69290,59808,69291,61890,69292,69293,69294,69295,69296
506,50601,'3',69297,69298,69299,59176,69300,69301,69302,69303,69304,69305,69306,69307,69308,57664,69309,69310,57667,69311,69312,57671,69313,69314,69315,57674,69316,69317,69318,69319,69320,69321,69322,69323,69324,69325,69326,69327,69328,57681,61293,69329,69330,69331,69332,60638,69333,69334,69335,69336,69337,69338,69339,69340,69341,69342,69343,69344,69345,69346,57699,69347,58076,69348,69349,69350,69351,69352,69353,69354,69355,69356,64348,69357,69358,69359,69360,69361,69362,69363,69364,69365,69366,56801,69367,69368,69369,69370,69371,69372,69373,69374,69375,69376,69377,69378,69379,69380,69381,69382,69383,69384,69385,69386,69387,69388,69389,69390,69391,58135,69392,69393,61420,69394,69395,69396
506,50602,'1',69397,69398,69399,69400,69401,69402,69403,57770,57771,69404,69405,69406,57775,57776,57777,69407,69408,57780,57781,69409,69410,69411,57785,57786,57787,57788,69412,69413,57790,69414,69415,69416,69417,69418,69419,69420,69421,69422,69423,69424,69425,69426,69427,60857,69428,69429,69430,69431,69432,69433,69434,69435,69436,69437,69438,69439,69440,69441,69442,69443,69444,58241,69445,69446,69447,69448,69449,69450,69451,69452,69453,69454,69455,69456,69457,69458,69459,69460,69461,69462,69463,69464,69465,69466,69467,69468,69469,69470,69471,53045,69472,58884,69473,69474,53460,69475,69476,69477,69478,69479,69480,69481,69482,69483,69484,69485,69486,69487,69488,69489,69490,69491,69492,69493,69494,69495,69496,69497,69498,69499,69500,69501,69502,69503,69504,69505,69506,69507,69508,69509,69510
506,50602,'2',69511,64092,69512,69513,69514,60300,69515,69516,69517,57905,69518,69519,69520,57909,57910,69521,57912,57913,57914,57915,57916,57917,57918,69522,69523,69524,69525,69526,69527,69528,69529,69530,69531,69532,69533,69534,69535,69536,69537,69538,69539,69540,69541,69542,69543,69544,69545,69546,69547,69548,69549,69550,69551,69552,69553,69554,69555,69556,69557,57121,69558,69559,69560,69561,69562,69563,69564,69565,69566,69567,63098,69568,69569,69570,69571,69572,69573,69574,69575,69576,69577,69578,69579,69580,69581,69582,69583,69584,69585,69586,69587,69588,69589,61828,69590,58507,69591,69592,69593,69594,69595,58516,69596,69597,69598,69599,69600,69601,69602,69603,69604,69605,69606,69607,69608,60499,59784,69609,69610,69611,69612,69613,56037,69614,69615,69616,69617,69618,69619,69620,69621,69622,55180,58028,69623,69624,69625,69626,69627,69628,69629,64256,69630,69631
506,50602,'3',69632,69633,69634,69635,69636,69637,58047,69638,60586,69639,69640,69641,69642,58054,69643,69644,69645,69646,69647,69648,69649,69650,69651,69652,57255,69653,69654,69655,64303,69656,69657,69658,69659,69660,57682,69661,69662,69663,69664,69665,69666,69667,69668,69669,69670,69671,57289,69672,69673,69674,69675,69676,69677,69678,54125,69679,69680,69681,69682,63302,69683,69684,69685,69686,69687,69688,69689,69690,69691,69692,69693,62031,69694,69695,69696,69697,69698,69699,69700,69701,69702,69703,54145,69704,69705,69706,69707,69708,69709,69710,69711,69712,69713,69714,69715,69716,69717,69718,60753,69719,69720,69721,60765,69722,69723,60059
507,50701,'1',69724,69725,69726,69727,69728,69729,69730,69731,69732,69733,69734,69735,69736,69737,69738,69739,58156,69740,69741,69742,69743,53784,69744,69745,69746,58166,69747,69748,69749,58170,69750,69751,69752,58174,58175,69753,58177,58178,58179,58180,58181,69754,69755,69756,58185,58186,58187,69757,58189,69758,69759,69760,69761,69762,69763,69764,69765,69766,69767,69768,69769,69770,69771,69772,69773,69774,69775,69776,69777,69778,69779,69780,69781,69782,69783,69784,69785,69786,69787,69788,69789,69790,69791,69792,69793,69794,69795,69796,69797,69798,69799,52775,69800,69801,69802,69803,69804,69805,69806,69807,69808,69809,69810,69811,69812,69813,69814,69815,61556,69816,69817,64010,69818,69819,69820,69821,69822,69823,69824,69825,55644,69826,69827,69828,69829,69830,69831,69832,69833,69834,69835,69836,69837,69838,69839,69840,69841,69842,69843,69844,53042,56445,69845,69846,69847,69848,69849,69850,69851,69852,54793,69853,69854,69855,69856,69857,69858,69859,69860,69861,69862,69863,69864,69865,69866,69867,69868,69869,69870,69871,69872,69873,69874,69875,69876,69877,69878,69879,69880,69881,69882,69883,69884,69885,69886,69887,69888,69889,69890,69891,69892,69893,69894,69895,69896,69897,69898,69899,69900,69901,69902,69903,69904,69905,69906,69907,69908,69909,69910,69911,69912,69913,69914,69915,69916,69917,69918,69919,69920,69921,69922,69923,69924,69925,69926,69927
507,50701,'2',69928,69929,69930,69931,69932,69933,69934,69935,69936,69937,69938,58985,69939,69940,69941,69942,58383,58384,69943,69944,69945,58388,58389,58390,69946,58392,58393,57522,69947,69948,69949,58398,58399,69950,58401,69951,58403,58404,69952,58406,69953,69954,69955,69956,69957,69958,69959,69960,69961,69962,69963,69964,69965,69966,69967,69968,69969,69970,69971,69972,69973,69974,69975,69976,69977,69978,69979,69980,69981,69982,69983,69984,69985,69986,69987,69988,69989,69990,69991,69992,69993,69994,54381,69995,69996,69997,69998,69999,70000,70001,70002,70003,70004,70005,70006,70007,64172,70008,70009,70010,70011,70012,70013,70014,70015,70016,70017,70018,70019,70020,70021,70022,70023,70024,70025,59086,53580,70026,70027,70028,70029,70030,70031,70032,70033,70034,70035,57585,70036,70037,70038,70039,63121,70040,70041,70042,70043,70044,70045,70046,70047,70048,63132,70049,70050,70051,60467,70052,70053,70054,70055,70056,70057,70058,70059,70060,70061,70062,70063,58009,70064,70065,70066,70067,60491,70068,70069,70070,70071,60500,70072,70073,70074,70075,70076,70077,53206,70078,70079,70080,70081,70082,61221,70083,70084,53626,70085,70086,70087,70088,70089,70090,70091,70092,70093,70094,62535,70095
507,50701,'3',70096,70097,70098,70099,70100,70101,70102,61905,70103,70104,70105,70106,70107,70108,70109,70110,58582,58583,70111,70112,70113,70114,58588,58589,70115,70116,70117,58593,70118,70119,70120,70121,58598,70122,58601,70123,70124,70125,70126,70127,70128,70129,70130,70131,70132,70133,70134,70135,70136,70137,70138,70139,70140,70141,70142,70143,70144,70145,55276,70146,70147,70148,70149,70150,70151,70152,70153,70154,70155,70156,70157,70158,70159,70160,70161,70162,70163,70164,59255,70165,55305,70166,70167,70168,70169,70170,70171,70172,70173,70174,70175,70176,70177,70178,70179,70180,70181,70182,70183,70184,70185,70186,70187,70188,70189,70190,70191,70192,70193,70194,70195,70196,70197,70198,70199,70200,70201,70202,70203,59993,70204,70205,57732,70206,70207,70208,70209,70210,70211,70212,70213,70214,70215,70216,70217,70218,70219,70220,70221,70222,53336,53747,70223,70224,70225,52422,70226,70227,52699,70228,70229,70230,70231,70232,70233,70234,70235,70236,70237,70238,70239,70240,70241,70242,58733,70243,70244,70245,70246,70247,70248,70249,70250,70251,70252,57757,70253,70254,70255,70256,70257,70258,70259,70260,70261,70262,70263,70264,70265,70266,70267,70268,70269,70270,70271
507,50702,'1',54184,70272,70273,70274,70275,59377,70276,70277,53788,70278,70279,70280,58783,70281,58785,58786,58787,58788,70282,70283,70284,70285,70286,70287,58794,70288,70289,58797,70290,70291,70292,58799,70293,70294,58804,70295,70296,70297,58808,70298,70299,58811,70300,70301,70302,62804,70303,70304,70305,70306,70307,70308,70309,70310,70311,70312,70313,70314,70315,70316,70317,70318,70319,70320,70321,70322,53008,70323,70324,70325,70326,53834,70327,70328,70329,70330,70331,70332,55613,70333,70334,70335,70336,70337,70338,70339,70340,70341,52434,70342,70343,70344,70345,70346,70347,70348,70349,70350,70351,70352,70353,70354,70355,70356,70357,70358,70359,70360,70361,70362,70363,70364,70365,70366,70367,70368,70369,70370,70371,70372,70373,70374,70375,70376,70377,70378,70379,70380,70381,70382,70383,70384,70385,70386,70387,70388,70389,70390,70391,53884,70392,70393,60218,70394,70395,70396,70397,70398,70399,70400,70401,70402,70403,70404,70405,56470,70406,70407,70408,70409,70410,70411,54298,70412,70413,70414,70415,70416,70417,70418,70419,70420,55735,70421,70422,70423,70424,70425,70426,70427,58346,70428,70429,70430,70431,70432,70433,70434,70435,70436,57886,70437,70438,70439,70440,70441,70442,70443,70444,70445,70446,70447,70448,70449,70450,70451,70452,70453,70454,70455,70456,70457,70458,70459
507,50702,'2',70460,70461,70462,70463,70464,70465,62993,70466,70467,58986,70468,70469,58990,70470,70471,70472,58993,58995,70473,58998,70474,59000,70475,59001,59002,70476,59004,70477,70478,70479,70480,59009,70481,59011,70482,70483,59014,59015,59016,59017,59018,52092,70484,59021,70485,70486,70487,70488,70489,70490,70491,70492,70493,70494,70495,70496,70497,70498,70499,70500,70501,70502,70503,70504,70505,70506,70507,70508,70509,70510,70511,70512,70513,70514,70515,70516,70517,70518,70519,70520,70521,70522,70523,70524,70525,70526,62413,70527,70528,70529,70530,70531,70532,70533,70534,70535,70536,70537,70538,70539,70540,70541,70542,70543,70544,70545,70546,70547,70548,70549,70550,70551,70552,70553,70554,70555,70556,70557,70558,70559,70560,70561,70562,70563,70564,70565,70566,70567,70568,70569,70570,70571,70572,70573,70574,70575,61809,70576,70577,70578,70579,70580,70581,70582,70583,59118,70584,70585,70586,70587,70588,70589,70590,70591,70592,70593,70594,70595,70596,70597,70598,70599,70600,70601,70602,70603,70604,70605,70606,70607,70608,70609,70610,70611,70612,59146,70613,70614,70615,70616,70617,70618,70619,70620,70621,70622,70623,70624,70625,70626,70627,70628,70629
507,50702,'3',70630,57649,70631,70632,70633,70634,56085,70635,59181,59182,70636,70637,70638,70639,70640,59188,59189,70641,59191,59192,59193,70642,70643,70644,59197,70645,70646,70647,59201,70648,59203,70649,58603,59206,70650,70651,70652,58607,70653,70654,70655,64298,70656,70657,70658,70659,70660,70661,70662,70663,70664,70665,70666,70667,63795,70668,70669,70670,70671,70672,54099,70673,70674,70675,70676,70677,70678,70679,70680,70681,70682,70683,70684,70685,70686,70687,70688,70689,70690,70691,70692,70693,61314,70694,70695,70696,70697,70698,70699,70700,70701,70702,70703,70704,70705,70706,70707,70708,70709,52475,70710,70711,70712,70713,70714,70715,70716,70717,70718,70719,70720,70721,70722,70723,70724,70725,70726,70727,70728,70729,70730,70731,60695,70732,70733,70734,70735,56253,70736,70737,70738,70739,70740,70741,70742,70743,70744,70745,70746,70747,70748,70749,70750,70751,70752,70753,70754,70755,70756,70757,70758,70759,70760,70761,70762,70763,70764,70765,70766,70767,70768,70769,70770,70771,70772,70773,70774,70775,70776,70777,70778,70779,70780,70781,70782,70783,70784,70785,70786,70787,70788,70789,70790,70791,70792,70793,70794,70795,70796,70797,70798
509,50901,'1',70799,70800,70801,57764,70802,70803,70804,70805,70806,70807,70808,70809,70810,70811,70812,70813,70814,59378,70815,70816,60079,59382,59383,70817,59385,59386,59387,70818,70819,70820,70821,70822,60810,70823,70824,59395,70825,70826,70827,70828,70829,70830,56365,59404,70831,59406,70832,70833,70834,59410,70835,70836,70837,70838,70839,70840,70841,70842,70843,70844,70845,70846,70847,70848,70849,70850,70851,70852,70853,70854,70855,70856,70857,70858,70859,70860,70861,70862,70863,70864,70865,70866,70867,70868,70869,70870,70871,70872,70873,70874,70875,52341,70876,70877,70878,70879,70880,70881,70882,70883,70884,70885,70886,70887,70888,54733,70889,70890,70891,70892,70893,70894,70895,70896,70897,70898,70899,70900,70901,70902,70903,70904,70905,70906,70907,70908,70909,70910,70911,70912,70913,70914,70915,70916,70917,70918,70919,70920,70921,70922,70923,70924,70925,70926,70927,70928,70929,70930,70931,70932,70933,60211,70934,70935,70936,54288,70937,58906,70938,70939,70940,70941,70942,70943,70944,70945,70946,70947,70948,70949,70950,70951,70952,70953,70954,70955,54851,70956,70957,70958,70959,70960,70961,70962,70963,70964,70965,63546,70966,70967,70968,70969,70970,70971,70972,70973,70974,70975,70976,56494,70977,70978,70979,60988,70980,70981,70982,70983,70984,70985,70986,70987,70988,70989,70990,70991,70992,63564,70993,70994,70995,70996,58974,70997,70998
509,50901,'2',70999,71000,71001,71002,71003,71004,71005,71006,71007,71008,59601,71009,59603,59604,59605,59606,71010,57906,59609,71011,59611,59612,71012,59614,71013,71014,59617,59618,59619,71015,71016,71017,59623,59624,71018,71019,71020,59628,71021,71022,71023,71024,71025,71026,71027,71028,71029,71030,71031,71032,71033,71034,71035,71036,71037,71038,71039,71040,71041,71042,71043,71044,71045,71046,71047,71048,71049,71050,71051,71052,71053,71054,71055,53556,71056,71057,71058,71059,71060,71061,71062,71063,71064,71065,71066,71067,71068,71069,71070,71071,71072,71073,71074,71075,71076,71077,71078,71079,71080,71081,71082,71083,60406,71084,71085,71086,71087,71088,71089,71090,71091,71092,71093,71094,71095,71096,71097,71098,71099,71100,71101,71102,58464,71103,63675,71104,71105,63679,71106,71107,71108,71109,71110,71111,71112,71113,71114,71115,71116,71117,71118,71119,71120,71121,71122,71123,57587,71124,71125,71126,71127,71128,71129,71130,71131,71132,71133,54422,71134,71135,63127,71136,71137,71138,71139,71140,71141,71142,71143,71144,71145,71146,71147,71148,71149,71150,61826,71151,71152,71153,71154,71155,71156,71157,57610,71158,71159,71160,71161,71162,71163,71164,71165,71166,71167,71168,71169,71170,71171,71172,71173,71174,71175,71176,71177,71178,71179,71180,71181,71182,71183,71184,71185,71186,71187,71188,71189,71190,71191,71192,71193,71194,71195,71196,71197,71198,71199,71200,71201,71202,71203,71204,71205,56683,71206,71207,71208,71209,71210,71211,71212,54057,71213,71214,71215,71216,71217,71218,71219,71220
509,50901,'3',71221,71222,71223,71224,71225,71226,61906,71227,71228,71229,71230,59847,56103,71231,71232,71233,71234,71235,59854,59855,71236,71237,71238,71239,71240,71241,59862,71242,59864,71243,71244,59867,59868,59869,59870,59871,71245,71246,59874,71247,71248,71249,71250,59879,64287,59881,71251,71252,59884,71253,71254,71255,71256,71257,71258,71259,71260,71261,71262,60610,52206,71263,71264,71265,71266,71267,71268,71269,71270,71271,71272,71273,71274,71275,71276,71277,71278,71279,71280,63254,71281,71282,71283,71284,71285,71286,71287,71288,59930,71289,71290,71291,71292,71293,71294,71295,71296,71297,71298,71299,71300,71301,71302,71303,71304,71305,71306,71307,71308,71309,71310,71311,53710,71312,71313,71314,71315,71316,57715,71317,71318,71319,71320,71321,71322,71323,71324,71325,71326,71327,71328,71329,71330,71331,71332,71333,71334,71335,71336,71337,71338,71339,71340,71341,71342,71343,71344,71345,71346,71347,71348,71349,71350,71351,71352,71353,71354,71355,71356,52765,71357,71358,71359,71360,71361,71362,71363,71364,71365,52698,71366,71367,71368,71369,71370,71371,71372,71373,71374,71375,59323,71376,71377,71378,71379,71380,71381,71382,71383,60023,52700,71384,71385,71386,71387,71388,71389,71390,71391,71392,71393,71394,71395,71396,71397,71398,71399,71400,71401,71402,71403,71404,71405,71406,71407,71408,71409,71410,71411,71412,71413,71414,71415,62732,71416,71417,71418,71419,71420
509,50902,'1',71421,71422,71423,71424,71425,71426,52716,71427,55471,71428,71429,71430,60076,54621,54622,71431,71432,71433,60081,71434,60084,71435,71436,60087,60088,60089,52636,60091,71437,71438,71439,60095,71440,60097,60098,71441,60100,71442,71443,60103,71444,71445,71446,71447,71448,71449,71450,61514,71451,71452,71453,71454,57803,71455,71456,71457,54226,71458,71459,71460,71461,71462,53415,71463,71464,71465,71466,71467,71468,71469,71470,71471,71472,71473,71474,71475,71476,71477,71478,71479,71480,71481,71482,71483,71484,71485,71486,71487,71488,71489,71490,71491,71492,71493,71494,71495,71496,71497,71498,71499,71500,71501,54751,71502,62868,64009,71503,71504,71505,71506,71507,71508,71509,71510,71511,71512,71513,53858,71514,71515,71516,71517,71518,71519,71520,71521,54270,71522,71523,71524,71525,62233,71526,71527,71528,71529,71530,71531,71532,71533,71534,71535,71536,71537,71538,71539,71540,71541,71542,71543,71544,71545,71546,71547,71548,71549,71550,71551,71552,71553,71554,71555,71556,71557,71558,71559,71560,71561,71562,71563,71564,71565,71566,71567,71568,71569,71570,71571,71572,71573,71574,71575,71576,71577,71578,71579,71580,71581,71582,71583,71584,71585,71586,60258,71587,71588,71589,71590,71591,71592,71593,71594,71595,71596,71597,71598,71599,71600,71601,71602,71603,71604,71605,71606,71607,71608,71609,71610,71611,71612,71613,71614,71615,71616,71617,71618,71619,71620,71621
509,50902,'2',71622,71623,71624,71625,71626,71627,71628,71629,71630,61018,71631,71632,71633,71634,71635,60306,60307,71636,60309,71637,71638,60313,71639,71640,60315,60316,60317,60318,71641,71642,60321,60322,60323,60324,60325,60326,60327,71643,60329,71644,60331,71645,60333,60334,71646,71647,52582,71648,71649,71650,71651,71652,71653,53534,71654,71655,71656,71657,71658,71659,71660,71661,71662,71663,71664,71665,71666,71667,71668,71669,71670,71671,71672,61070,71673,71674,71675,71676,52357,71677,71678,71679,71680,71681,71682,71683,71684,63070,71685,71686,71687,71688,63656,55898,71689,71690,71691,71692,71693,71694,71695,71696,71697,71698,71699,71700,71701,71702,71703,63666,71704,71705,71706,71707,71708,71709,71710,71711,71712,71713,71714,71715,71716,71717,71718,71719,71720,71721,71722,71723,71724,71725,71726,71727,71728,71729,71730,71731,71732,71733,71734,71735,71736,71737,71738,71739,71740,71741,71742,71743,71744,71745,71746,71747,71748,71749,71750,71751,71752,71753,71754,71755,55096,57601,71756,71757,71758,71759,71760,71761,71762,71763,71764,71765,71766,71767,71768,71769,71770,71771,71772,71773,71774,71775,71776,71777,71778,63147,71779,71780,71781,71782,71783,71784,71785,60493,71786,71787,71788,71789,57628,71790,71791,71792,71793,59139,71794,71795,60506,71796,71797,71798,71799,71800,71801,71802,71803,71804,71805,71806,71807,71808,71809,71810,71811,71812,71813,71814,71815,71816,71817,71818,71819,71820,71821,71822,71823,59159,71824,71825,71826,71827,71828,71829,71830,71831,71832,53633,71833,71834,71835,71836,71837,71838,71839,71840,71841,71842,71843
509,50902,'3',71844,71845,71846,71847,71848,71849,71850,71851,71852,71853,71854,71855,59179,71856,71857,63764,60567,71858,60569,71859,71860,57229,71861,60574,60575,60576,60577,71862,71863,61919,71864,71865,71866,60584,71867,58049,60587,71868,71869,60590,71870,71871,60593,60594,60595,71872,71873,60598,60599,71874,71875,60602,71876,71877,71878,71879,71880,71881,71882,71883,71884,61942,63790,71885,71886,71887,71888,71889,71890,71891,71892,62605,71893,71894,52809,71895,71896,54098,71897,71898,71899,71900,71901,71902,71903,71904,71905,71906,71907,71908,71909,71910,71911,71912,71913,71914,71915,71916,71917,71918,71919,71920,71921,71922,71923,62623,71924,71925,71926,71927,71928,71929,71930,62632,61322,71931,71932,71933,71934,61327,71935,71936,71937,71938,63832,71939,71940,71941,54535,71942,71943,71944,71945,71946,71947,71948,71949,71950,71951,71952,71953,71954,71955,71956,71957,71958,71959,71960,71961,64365,71962,71963,71964,71965,71966,71967,71968,71969,71970,71971,71972,71973,71974,71975,71976,71977,71978,71979,71980,56261,71981,71982,71983,71984,71985,71986,71987,71988,71989,71990,71991,71992,71993,71994,71995,71996,71997,71998,71999,72000,57337,72001,72002,72003,72004,72005,72006,72007,72008,72009,72010,72011,72012,72013,72014,72015,72016,72017,72018,62715,63902,72019,72020,72021,72022,72023,72024,72025,72026,72027,72028,72029,72030,72031,72032,72033,72034,72035
510,51003,'1',72036,72037,72038,72039,72040,72041,72042,72043,72044,72045,72046,72047,60790,72048,72049,57769,72050,54195,60798,72051,60800,60801,60802,72052,72053,72054,52430,72055,60808,60809,72056,60811,53797,72057,72058,72059,72060,72061,72062,72063,60819,72064,72065,60822,72066,72067,72068,72069,72070,72071,52987,72072,72073,72074,72075,58202,72076,54222,72077,72078,72079,72080,72081,72082,72083,57415,72084,72085,72086,72087,72088,72089,72090,72091,72092,72093,72094,72095,72096,72097,72098,72099,54701,72100,72101,72102,72103,72104,72105,72106,72107,72108,72109,72110,72111,72112,72113,72114,72115,72116,72117,72118,72119,72120,72121,72122,72123,72124,72125,72126,72127,72128,55632,72129,72130,72131,72132,72133,72134,72135,72136,72137,72138,72139,72140,72141,58263,72142,72143,72144,72145,72146,72147,72148,72149,72150,72151,72152,72153,72154,72155,72156,72157,72158,72159,72160,72161,72162,72163,72164,72165,72166,72167,72168,72169,72170,72171,72172,60920,72173,72174,72175,72176,72177,72178,72179,72180,72181,72182,72183,72184,72185,72186,72187,72188,72189,72190,72191,72192,54852,72193,72194,72195,72196,72197,72198,72199,72200,72201,72202,72203,72204,72205,72206,72207,72208,72209,59553,72210,56492,72211,72212,72213,72214,72215,72216,72217,72218,72219,72220,72221,72222,72223,72224,72225,72226,72227,72228,72229,72230,72231,72232,72233
510,51003,'2',72234,72235,72236,62342,72237,72238,72239,72240,72241,72242,72243,72244,62992,64094,72245,72246,57511,61023,61024,63598,72247,61027,61028,72248,61030,72249,61032,61033,72250,72251,72252,61037,61038,72253,61040,61041,61042,72254,61044,61045,61046,54949,61048,72255,72256,72257,72258,72259,72260,72261,72262,72263,72264,72265,72266,72267,55859,72268,72269,72270,72271,72272,72273,72274,72275,72276,72277,72278,72279,72280,72281,72282,55875,72283,72284,72285,72286,72287,72288,72289,72290,72291,72292,72293,72294,72295,72296,72297,72298,72299,72300,72301,72302,72303,72304,72305,72306,72307,72308,72309,72310,72311,72312,72313,72314,72315,61102,72316,72317,57570,72318,72319,72320,72321,72322,72323,72324,72325,72326,72327,72328,72329,72330,72331,72332,72333,72334,72335,72336,72337,72338,72339,72340,72341,72342,72343,72344,72345,72346,72347,72348,72349,72350,72351,72352,72353,72354,72355,72356,72357,72358,55980,72359,58508,72360,72361,55989,72362,72363,72364,72365,72366,72367,72368,72369,72370,72371,72372,72373,72374,72375,72376,72377,72378,72379,72380,72381,72382,72383,72384,72385,72386,72387,72388,72389,72390,72391,72392,72393,72394,72395,72396,72397,72398,60503,72399,72400,72401,72402,72403,72404,72405,72406,72407,72408,72409,57191,72410,72411,72412,72413,72414,58024,72415,72416,72417,72418,72419,72420,72421,72422,72423,58029,72424,72425,72426,72427,72428,72429,72430,72431,72432,72433,72434,72435,72436
510,51003,'3',56699,72437,72438,72439,72440,72441,72442,72443,61246,72444,72445,72446,72447,61251,72448,61253,61254,61255,61256,72449,72450,61259,72451,61261,72452,72453,61264,72454,72455,61267,72456,61269,72457,61271,61272,61273,72458,72459,72460,72461,72462,72463,72464,72465,72466,72467,72468,72469,72470,72471,72472,72473,72474,72475,72476,72477,72478,72479,64318,72480,72481,72482,72483,72484,72485,72486,72487,72488,72489,72490,72491,72492,72493,72494,72495,72496,72497,72498,72499,72500,72501,72502,72503,72504,72505,72506,72507,52691,72508,72509,72510,72511,72512,72513,72514,72515,72516,72517,72518,54132,57304,72519,72520,72521,72522,72523,72524,72525,72526,72527,55354,72528,72529,72530,72531,72532,72533,72534,72535,59983,72536,72537,72538,72539,72540,59301,72541,72542,72543,72544,72545,72546,72547,72548,72549,72550,72551,72552,72553,72554,72555,72556,72557,72558,72559,72560,72561,72562,72563,52555,72564,72565,72566,72567,72568,72569,72570,72571,72572,72573,72574,72575,72576,72577,72578,72579,72580,72581,72582,72583,72584,60744,72585,72586,72587,72588,72589,72590,72591,72592,72593,72594,72595,72596,62714,61409,72597,72598,72599,72600,72601,63906,72602,72603,72604,72605,62733,72606,72607,72608,72609,72610,72611
510,51004,'1',72612,72613,72614,72615,72616,72617,72618,72619,72620,63406,72621,72622,72623,57768,61466,61468,72624,72625,61471,61472,61473,72626,72627,72628,61477,62780,72629,61480,61481,72630,72631,54640,72632,72633,61487,72634,61489,72635,72636,61492,61493,61494,55522,72637,61496,61497,72638,72639,72640,72641,72642,72643,72644,72645,72646,72647,72648,72649,72650,72651,72652,72653,72654,72655,72656,72657,72658,72659,72660,72661,72662,72663,72664,72665,72666,72667,72668,72669,72670,72671,72672,72673,72674,72675,72676,72677,72678,72679,72680,72681,72682,72683,72684,72685,72686,72687,72688,72689,72690,72691,72692,72693,72694,72695,72696,72697,61561,72698,72699,72700,72701,59483,72702,72703,72704,72705,72706,72707,54268,72708,72709,55654,72710,72711,72712,72713,72714,72715,72716,72717,72718,72719,72720,72721,72722,72723,72724,72725,72726,72727,72728,53457,72729,72730,72731,72732,72733,54286,72734,72735,72736,72737,72738,72739,72740,56970,72741,72742,72743,72744,72745,57867,72746,72747,72748,72749,72750,72751,72752,72753,72754,72755,72756,72757,72758,72759,72760,72761,72762,72763,72764,72765,72766,72767,72768,72769,72770,72771,56497,72772,72773,72774,72775,72776,72777,72778,72779,72780,72781,72782,72783,72784,72785,72786,72787,72788,60998,72789,72790,53919,72791,72792,72793,72794,72795,72796,72797,72798,72799,72800,72801
510,51004,'2',72802,72803,72804,72805,72806,72807,72808,72809,72810,72811,72812,72813,60305,61674,61675,61676,61677,61678,61679,61680,61681,72814,61683,72815,72816,72817,61687,61688,61689,61690,61691,61692,61693,61694,61695,61696,72818,59019,61699,72819,72820,72821,72822,72823,72824,72825,72826,72827,72828,72829,72830,72831,72832,72833,72834,72835,72836,72837,72838,72839,72840,72841,72842,72843,72844,72845,72846,72847,72848,72849,72850,72851,72852,72853,72854,72855,72856,72857,72858,72859,72860,72861,72862,72863,72864,72865,72866,72867,72868,72869,55028,72870,63085,72871,72872,72873,72874,72875,72876,72877,60407,61106,72878,72879,61773,72880,72881,72882,72883,72884,72885,72886,72887,72888,72889,72890,72891,72892,72893,72894,72895,72896,72897,72898,72899,72900,52450,72901,72902,54404,72903,72904,72905,72906,72907,72908,72909,72910,72911,72912,72913,72914,72915,72916,72917,72918,72919,72920,72921,72922,72923,72924,72925,52365,72926,72927,72928,72929,72930,72931,72932,72933,72934,72935,72936,72937,61831,62478,72938,72939,72940,72941,72942,72943,72944,72945,72946,72947,72948,72949,72950,72951,72952,72953,72954,61850,72955,72956,72957,72958,72959,72960,72961,72962,72963,72964,72965,72966,72967,72968,60515,72969,61867,72970,72971,72972,72973,72974,72975,72976,72977,72978,72979,59802,72980,72981,72982,72983,72984,72985,72986,72987,72988,72989,72990,72991,72992,72993,72994,72995,72996,72997,53227,72998,72999,73000
510,51004,'3',73001,73002,73003,73004,73005,73006,73007,73008,73009,60561,73010,63760,73011,73012,73013,73014,61911,73015,73016,61914,73017,73018,61917,73019,60580,61920,73020,61922,61923,73021,59195,61926,61927,73022,61929,73023,61931,61932,73024,73025,73026,73027,73028,73029,73030,73031,73032,73033,73034,73035,73036,73037,73038,73039,73040,73041,73042,73043,73044,73045,73046,73047,73048,55279,73049,73050,55286,73051,73052,73053,73054,73055,73056,73057,73058,73059,73060,73061,53697,73062,73063,73064,73065,63265,73066,73067,73068,73069,73070,73071,73072,73073,73074,73075,73076,73077,73078,73079,73080,73081,73082,52403,73083,73084,73085,73086,73087,73088,73089,73090,73091,73092,73093,73094,73095,73096,73097,73098,73099,73100,73101,73102,73103,73104,73105,73106,73107,73108,73109,73110,73111,73112,73113,73114,73115,73116,73117,56247,73118,73119,73120,73121,73122,73123,73124,73125,73126,73127,56813,73128,73129,73130,73131,73132,73133,73134,73135,73136,73137,73138,73139,73140,73141,73142,73143,73144,73145,73146,73147,73148,73149,73150,73151,73152,73153,73154,73155,73156,73157,73158,73159,73160,73161,73162,73163,73164,73165,73166,61419,62082,73167,73168,73169,62094,73170,73171,73172,73173,73174,73175,73176
511,51103,'1',73177,73178,73179,73180,73181,73182,73183,73184,73185,56865,73186,73187,73188,62112,73189,62114,58167,73190,73191,62117,73192,73193,62120,62121,73194,73195,54199,73196,73197,62127,62128,73198,62130,62132,73199,62134,73200,54206,62137,62138,62139,62140,73201,73202,73203,54650,62144,73204,73205,73206,73207,73208,73209,73210,73211,73212,73213,73214,73215,73216,73217,73218,73219,73220,73221,73222,73223,73224,73225,73226,73227,73228,73229,73230,73231,73232,73233,73234,53821,73235,55574,73236,73237,73238,73239,73240,73241,73242,62832,73243,73244,73245,73246,73247,73248,73249,73250,73251,73252,73253,73254,73255,73256,73257,73258,73259,73260,73261,73262,73263,73264,73265,73266,73267,73268,73269,73270,73271,73272,73273,73274,73275,60179,60180,73276,73277,63498,73278,73279,53861,73280,73281,73282,73283,73284,73285,73286,73287,73288,73289,73290,73291,73292,73293,73294,73295,73296,73297,73298,73299,73300,73301,73302,73303,73304,73305,73306,73307,73308,73309,73310,73311,73312,73313,73314,73315,54293,56982,57873,73316,73317,73318,73319,73320,73321,73322,73323,73324,73325,54863,73326,73327,73328,73329,73330,73331,73332,73333,73334,63545,73335,73336,73337,73338,73339,73340,73341,64071,73342,73343,73344,73345,73346,73347,73348,73349,73350,73351,73352,73353,73354,73355,73356,73357,73358,73359,58953,73360,53913,73361,73362,73363,73364,56501,55759,73365,73366,73367,73368,73369,73370,73371,73372,73373,73374,73375,73376,73377
511,51103,'2',73378,73379,73380,73381,73382,73383,73384,73385,62349,73386,73387,73388,73389,62354,73390,62356,62357,62358,62359,73391,73392,62362,62363,73393,73394,73395,62367,73396,73397,62370,73398,73399,62373,73400,62375,62376,62377,62378,62379,62380,73401,62382,73402,62384,73403,62386,62387,73404,73405,62390,73406,73407,73408,73409,73410,73411,73412,73413,73414,73415,73416,73417,73418,73419,73420,73421,73422,73423,62400,73424,73425,73426,73427,73428,73429,73430,73431,73432,73433,73434,73435,73436,73437,73438,73439,73440,73441,73442,73443,73444,73445,73446,73447,73448,73449,73450,73451,73452,73453,73454,73455,73456,73457,73458,73459,73460,55930,73461,59069,73462,73463,73464,73465,73466,73467,73468,73469,73470,73471,73472,73473,73474,73475,73476,73477,73478,73479,73480,73481,73482,73483,73484,73485,73486,73487,73488,73489,73490,73491,73492,73493,73494,73495,73496,73497,73498,73499,73500,73501,73502,73503,73504,73505,73506,73507,73508,73509,73510,73511,73512,73513,73514,73515,73516,73517,73518,73519,73520,73521,73522,55131,73523,73524,73525,73526,73527,73528,73529,73530,73531,73532,73533,73534,73535,73536,73537,73538,73539,73540,73541,73542,73543,73544,73545,73546,73547,73548,73549,73550,73551
511,51103,'3',73552,73553,73554,73555,73556,73557,73558,63757,73559,73560,73561,73562,62543,73563,62546,73564,73565,73566,73567,62551,73568,59848,73569,62555,73570,62557,62558,73571,73572,62561,62562,62563,62564,73573,62565,62567,73574,62569,62570,73575,62572,62573,73576,62575,73577,62577,73578,62579,73579,73580,73581,73582,73583,73584,73585,73586,73587,73588,73589,73590,73591,73592,73593,73594,73595,73596,73597,73598,61947,73599,73600,73601,73602,73603,73604,73605,73606,73607,73608,73609,56759,73610,73611,73612,73613,73614,73615,73616,73617,73618,73619,73620,63826,73621,73622,73623,58663,73624,73625,73626,73627,73628,73629,73630,73631,56213,73632,73633,73634,73635,73636,73637,73638,73639,73640,73641,73642,73643,73644,73645,73646,73647,73648,73649,73650,64364,73651,73652,73653,73654,73655,73656,73657,73658,73659,73660,73661,73662,73663,73664,73665,73666,73667,73668,73669,73670,73671,73672,73673,73674,73675,73676,73677,73678,73679,73680,73681,73682,73683,73684,73685,73686,73687,73688,73689,73690,73691,73692,73693,73694,73695,73696,73697,73698,73699,73700,73701,52705,73702,73703,73704,73705,73706,73707,73708,73709,73710,73711,73712,60051,73713,73714,73715,73716,73717,73718,73719,73720,73721,73722,73723,73724,73725,73726
511,51104,'1',54597,54598,73727,73728,73729,73730,73731,73732,73733,73734,73735,58152,60795,52139,73736,62762,73737,73738,62765,62766,62767,73739,62769,62770,62771,60803,73740,62774,73741,62776,73742,62778,62779,73743,73744,73745,62783,73746,62784,62785,73747,73748,73749,62790,73750,62792,62793,62794,73751,62796,73752,73753,62799,73754,62801,62802,73755,73756,73757,73758,73759,73760,73761,54659,73762,73763,73764,73765,73766,73767,73768,73769,73770,73771,73772,73773,73774,73775,55554,73776,73777,73778,73779,73780,73781,73782,73783,73784,73785,73786,73787,73788,57813,73789,73790,73791,73792,63984,73793,73794,73795,73796,73797,73798,73799,73800,62842,73801,73802,73803,73804,73805,62196,73806,73807,73808,73809,73810,73811,73812,73813,73814,73815,73816,73817,73818,73819,73820,73821,73822,52896,73823,73824,73825,73826,73827,73828,73829,73830,73831,73832,73833,73834,73835,73836,73837,73838,73839,73840,73841,73842,73843,73844,73845,73846,73847,73848,73849,73850,73851,73852,73853,73854,73855,73856,73857,73858,73859,73860,73861,73862,73863,73864,73865,58902,56463,73866,73867,73868,61613,73869,73870,73871,73872,73873,73874,73875,73876,73877,73878,73879,73880,73881,73882,73883,73884,73885,73886,73887,73888,73889,73890,73891,62282,73892,73893,73894,73895,73896,73897,73898,59556,73899,73900,73901,53906,73902,73903,73904,73905,73906,73907,73908,63558,73909,73910,73911,73912,73913,73914,73915,73916,73917,73918,73919,73920,73921,61659,73922,73923,73924,73925
511,51104,'2',73926,73927,73928,73929,73930,73931,73932,73933,73934,73935,73936,73937,73938,73939,63001,63002,63003,63004,63005,63006,63007,63008,59610,73940,73941,73942,73943,73944,73945,73946,73947,63018,73948,73949,63020,63022,63023,63024,63025,73950,73951,63028,63029,63030,73952,63032,73953,73954,73955,73956,73957,73958,73959,61052,61716,73960,73961,73962,73963,73964,73965,73966,57087,73967,73968,73969,59035,73970,73971,73972,73973,73974,73975,73976,73977,73978,73979,73980,73981,73982,73983,73984,60390,73985,73986,73987,73988,73989,73990,73991,73992,73993,73994,73995,73996,73997,73998,73999,74000,74001,55923,74002,74003,74004,74005,74006,74007,74008,74009,74010,74011,74012,74013,74014,74015,74016,54002,74017,74018,74019,74020,74021,74022,74023,74024,74025,74026,74027,74028,74029,64203,74030,74031,74032,74033,74034,74035,74036,74037,74038,74039,74040,74041,74042,74043,74044,74045,74046,74047,74048,74049,74050,74051,74052,74053,74054,62491,57175,74055,74056,74057,74058,74059,74060,74061,63158,74062,74063,74064,74065,74066,74067,74068,74069,74070,74071,74072,74073,74074,74075,74076,74077,74078,74079,74080,74081,54464,74082,74083,74084,74085,74086,74087,74088,74089,74090,58030,74091,74092,74093,74094,74095,74096,74097,74098,74099,74100,74101
511,51104,'3',74102,74103,74104,74105,74106,74107,74108,74109,74110,74111,74112,74113,74114,74115,74116,74117,63206,74118,74119,74120,59859,63211,63212,74121,74122,74123,74124,63217,74125,63219,63220,74126,63222,74127,74128,63225,74129,74130,74131,74132,74133,74134,74135,74136,74137,74138,74139,74140,74141,74142,74143,74144,74145,74146,74147,74148,74149,74150,74151,74152,74153,74154,74155,74156,74157,74158,74159,74160,74161,74162,74163,74164,74165,74166,74167,74168,74169,74170,74171,74172,74173,74174,74175,74176,74177,74178,74179,74180,74181,74182,74183,74184,74185,74186,74187,74188,74189,74190,74191,74192,74193,60665,74194,74195,74196,74197,74198,74199,57717,74200,74201,74202,74203,74204,74205,74206,74207,74208,74209,74210,74211,74212,74213,74214,74215,74216,74217,74218,74219,74220,74221,74222,74223,74224,74225,74226,74227,74228,74229,74230,74231,74232,74233,74234,74235,74236,74237,74238,74239,74240,74241,74242,74243,74244,74245,74246,74247,58118,74248,74249,74250,74251,74252,74253,74254,74255,74256,74257,74258,74259,74260,74261,74262,74263,74264,74265,52625,74266,74267,74268,74269,74270,74271,74272,62075,74273,74274,74275,74276,74277,74278,74279,74280,74281,74282,74283,74284,74285,74286,74287,74288,74289,74290,74291,74292,74293,74294,74295,74296,74297
512,51201,'1',74298,74299,74300,74301,74302,74303,74304,74305,74306,74307,74308,74309,74310,54613,74311,58151,63411,74312,63413,74313,63415,74314,74315,63418,63419,74316,63421,63422,63423,74317,55512,74318,74319,74320,63429,74321,74322,63432,74323,74324,74325,74326,74327,74328,74329,74330,74331,74332,74333,53403,74334,74335,74336,74337,74338,74339,74340,74341,74342,74343,74344,74345,74346,74347,74348,74349,74350,74351,74352,63990,74353,74354,74355,74356,74357,74358,74359,74360,74361,74362,63488,74363,74364,74365,74366,74367,74368,74369,74370,74371,74372,74373,74374,74375,74376,74377,74378,74379,54780,74380,74381,74382,63500,74383,74384,56959,74385,74386,74387,74388,74389,74390,74391,74392,74393,74394,74395,74396,74397,74398,74399,62251,74400,74401,74402,74403,74404,74405,74406,74407,74408,74409,74410,74411,74412,74413,74414,74415,74416,74417,74418,74419,74420,74421,74422,74423,74424,74425,74426,74427,74428,74429,74430,74431,74432,74433,74434,74435,53902,74436,74437,74438,74439,74440,60271,74441,74442,74443,74444,74445,74446,74447,74448,74449,74450,74451,74452,74453,74454,74455
512,51201,'2',74456,74457,74458,61011,58980,74459,74460,63588,74461,74462,57902,74463,63593,63594,63595,63596,63597,74464,54936,74465,63601,74466,63603,74467,63605,63606,63607,74468,74469,63610,74470,63612,63613,74471,74472,74473,63617,74474,74475,74476,74477,74478,74479,74480,63623,74481,74482,74483,74484,74485,74486,74487,74488,74489,74490,74491,74492,74493,74494,74495,74496,74497,74498,74499,74500,74501,74502,74503,64157,74504,74505,74506,74507,63649,59048,55890,74508,74509,55899,58441,74510,74511,74512,74513,74514,74515,55910,74516,74517,74518,61770,74519,74520,74521,74522,74523,74524,74525,74526,74527,74528,74529,74530,74531,74532,74533,74534,74535,74536,74537,74538,74539,74540,59724,74541,74542,74543,74544,74545,74546,74547,74548,74549,74550,74551,74552,74553,74554,74555,74556,74557,74558,74559,74560,74561,57177,54447,74562,74563,74564,74565,64234,74566,74567,74568,74569,74570,74571,74572,59795,74573,74574,74575,74576,74577,74578,74579,74580,58547,74581,74582,74583,74584,74585,74586,74587,56690,74588,74589,74590,74591,74592
512,51201,'3',74593,74594,74595,74596,74597,63758,74598,74599,63762,74600,74601,74602,63765,74603,63767,60573,63769,63770,74604,74605,63773,63774,74606,63776,63777,63778,63779,63780,74607,74608,74609,74610,74611,74612,74613,74614,74615,74616,74617,74618,74619,74620,74621,74622,74623,74624,74625,74626,74627,74628,74629,74630,74631,74632,74633,52608,74634,74635,74636,74637,74638,74639,74640,74641,74642,74643,74644,74645,74646,74647,64329,74648,74649,74650,62631,74651,74652,74653,74654,74655,74656,74657,74658,74659,74660,74661,74662,74663,74664,74665,74666,74667,74668,74669,74670,74671,74672,74673,74674,74675,74676,74677,74678,74679,74680,74681,74682,74683,74684,74685,74686,74687,74688,74689,74690,74691,74692,56266,74693,74694,74695,74696,74697,74698,74699,74700,74701,74702,74703,74704,74705,74706,74707,74708,74709,74710,74711,74712,74713,74714,74715,74716,74717,54169,74718,74719,74720,74721,74722,74723,74724,74725,74726,74727,74728,62731,74729,74730,74731,74732
512,51202,'1',74733,74734,74735,74736,57375,74737,74738,74739,54609,74740,74741,74742,74743,74744,63929,74745,74746,63932,74747,74748,74749,63936,74750,63938,74751,63940,74752,63942,63944,63945,63946,55503,63947,63948,74753,74754,74755,74756,63953,74757,74758,74759,74760,58820,74761,74762,74763,74764,74765,74766,74767,74768,74769,58210,74770,74771,74772,74773,74774,74775,54705,74776,74777,74778,55590,74779,61538,74780,74781,74782,74783,74784,74785,74786,74787,74788,74789,74790,74791,74792,74793,74794,74795,74796,62206,74797,74798,74799,74800,74801,60890,74802,74803,74804,74805,52072,74806,74807,74808,59490,57449,74809,54779,74810,74811,74812,74813,74814,74815,74816,74817,74818,74819,74820,74821,74822,74823,54808,74824,74825,74826,74827,74828,74829,57861,74830,74831,74832,60941,74833,74834,74835,74836,74837,64053,74838,74839,74840,74841,74842,74843,74844,74845,74846,74847,74848,74849,74850,74851,74852,74853,74854,74855,74856,74857,74858,74859,74860,74861,74862,74863,74864,74865,74866,74867,74868,74869,74870,74871,74872,74873,74874,74875,74876,74877,74878,74879,74880
512,51202,'2',74881,74882,74883,74884,74885,74886,74887,74888,74889,74890,74891,74892,74893,52173,64100,74894,64102,74895,64104,74896,74897,64107,74898,64109,64110,57059,74899,74900,74901,64115,64116,74902,64118,74903,64119,64120,74904,64123,74905,74906,64126,74907,74908,74909,74910,74911,74912,74913,74914,74915,74916,74917,74918,74919,64143,74920,74921,74922,74923,74924,74925,74926,64150,53975,74927,74928,74929,74930,74931,74932,74933,74934,74935,74936,74937,74938,74939,74940,74941,74942,55903,74943,63660,74944,74945,64170,57125,74946,74947,74948,74949,74950,74951,74952,74953,74954,74955,74956,74957,74958,74959,74960,74961,74962,74963,74964,74965,54003,74966,74967,74968,74969,74970,74971,74972,74973,74974,74975,74976,74977,74978,74979,74980,74981,74982,74983,74984,59117,74985,74986,74987,74988,74989,74990,63716,74991,74992,74993,60486,74994,74995,74996,74997,74998,74999,75000,75001,75002,75003,75004,75005,75006,75007,75008,75009,75010,75011,75012,75013,75014,75015,75016,75017,75018,75019,75020,75021,63186,75022,75023,75024,75025
512,51202,'3',75026,75027,75028,75029,75030,75031,75032,75033,75034,75035,75036,75037,75038,64277,64278,64279,64280,64281,64282,75039,64284,64285,64286,75040,64288,64289,75041,75042,75043,75044,75045,58605,75046,75047,75048,75049,75050,75051,75052,75053,75054,75055,75056,75057,75058,75059,75060,75061,75062,75063,75064,75065,75066,75067,55273,75068,75069,75070,75071,75072,75073,75074,75075,75076,75077,75078,75079,75080,63812,75081,75082,75083,75084,75085,75086,75087,75088,75089,75090,75091,75092,75093,75094,75095,75096,75097,64342,53712,75098,75099,75100,59959,75101,75102,75103,75104,75105,75106,75107,75108,75109,75110,75111,75112,75113,75114,75115,75116,75117,75118,75119,75120,75121,52763,75122,75123,59298,75124,75125,75126,75127,75128,75129,75130,75131,54140,75132,75133,75134,75135,75136,75137,75138,75139,56819,75140,75141,75142,75143,75144,75145,75146,75147,75148,75149,75150,75151,75152,75153,75154,75155,75156,75157,75158,75159,75160,75161,75162,75163,75164
