30101,5511,1,0,0
30101,5164,2,0,0
30101,5187,3,0,0
30101,5163,4,0,0
30101,5160,5,0,0
30101,5159,6,0,0
30101,5157,7,0,0
30101,5182,8,0,0
30101,5152,9,0,0
30101,5150,10,0,0
30101,5172,11,0,0
30101,5170,12,0,0
30101,5167,13,0,0
30101,13946,14,0,0
30101,15722,15,0,0
30101,15721,16,0,0
30101,15720,17,0,0
30101,5192,18,0,0
30101,5201,19,0,0
30101,5173,20,0,0
30101,5189,21,0,0
30101,5185,22,0,0
30101,5195,23,0,0
30101,5175,24,0,0
30101,5199,25,0,0
30101,5506,26,0,0
30101,6523,27,0,0
30101,6916,28,0,0
30101,14282,29,0,0
30101,14281,30,0,0
30101,14280,31,0,0
30101,6908,32,0,0
30101,6888,33,0,0
30101,16429,34,0,0
30101,15341,35,0,0
30101,10152,36,0,0
30101,6840,37,0,0
30101,6835,38,0,0
30101,6836,39,0,0
30101,6834,40,0,0
30101,15348,41,0,0
30101,6831,42,0,0
30101,6846,43,0,0
30101,6850,44,0,0
30101,6854,45,0,0
30101,6844,46,0,0
30101,6856,47,0,0
30101,6827,48,0,0
30101,6826,49,0,0
30101,6853,50,0,0
30101,6829,51,0,0
30101,6841,52,0,0
30101,6858,53,0,0
30101,16716,54,0,0
30101,16578,55,0,0
30101,12314,56,0,0
30101,3050,57,0,0
30101,3070,58,0,0
30101,3060,59,0,0
30101,3064,60,0,0
30101,3068,61,0,0
30101,3073,62,0,0
30101,3066,63,0,0
30101,3038,64,0,0
30101,3032,65,0,0
30101,3072,66,0,0
30101,3046,67,0,0
30101,3058,68,0,0
30101,3035,69,0,0
30101,3062,70,0,0
30101,3037,71,0,0
30101,3030,72,0,0
30101,3056,73,0,0
30101,15699,74,0,0
30101,3048,75,0,0
30101,15336,76,0,0
30101,4557,77,0,0
30101,11845,78,0,0
30101,6810,79,0,0
30101,6824,80,0,0
30101,15342,81,0,0
30101,15338,82,0,0
30101,16520,83,0,0
30101,15344,84,0,0
30101,6801,85,0,0
30101,10158,86,0,0
30101,11683,87,1,1
30102,6813,1,0,0
30102,6817,2,0,0
30102,15347,3,0,0
30102,6804,4,0,0
30102,6822,5,0,0
30102,15339,6,0,0
30102,6803,7,0,0
30102,15343,8,0,0
30102,6811,9,0,0
30102,6806,10,0,0
30102,3045,11,0,0
30102,15337,12,0,0
30102,3049,13,0,0
30102,3029,14,0,0
30102,3057,15,0,0
30102,3052,16,0,0
30102,3034,17,0,0
30102,3063,18,0,0
30102,3036,19,0,0
30102,3059,20,0,0
30102,3047,21,0,0
30102,3031,22,0,0
30102,3033,23,0,0
30102,3039,24,0,0
30102,3067,25,0,0
30102,3074,26,0,0
30102,3069,27,0,0
30102,3065,28,0,0
30102,3061,29,0,0
30102,3071,30,0,0
30102,3051,31,0,0
30102,3041,32,0,0
30102,803,33,0,0
30102,10892,34,0,0
30102,6859,35,0,0
30102,15340,36,0,0
30102,3084,37,0,0
30102,3087,38,0,0
30102,3088,39,0,0
30102,3080,40,0,0
30102,3081,41,0,0
30102,6848,42,0,0
30102,6830,43,0,0
30102,6855,44,0,0
30102,6851,45,0,0
30102,6847,46,0,0
30102,6832,47,0,0
30102,6838,48,0,0
30102,16849,49,0,0
30102,6839,50,0,0
30102,6845,51,0,0
30102,6842,52,0,0
30102,6852,53,0,0
30102,6857,54,0,0
30102,6849,55,0,0
30102,16402,56,0,0
30102,6909,57,0,0
30102,14393,58,0,0
30102,14394,59,0,0
30102,14395,60,0,0
30102,6915,61,0,0
30102,6523,62,0,0
30102,5200,63,0,0
30102,15746,64,0,0
30102,5196,65,0,0
30102,5186,66,0,0
30102,5190,67,0,0
30102,5174,68,0,0
30102,5202,69,0,0
30102,5193,70,0,0
30102,5179,71,0,0
30102,5203,72,0,0
30102,5198,73,0,0
30102,13947,74,0,0
30102,5168,75,0,0
30102,5171,76,0,0
30102,5180,77,0,0
30102,5151,78,0,0
30102,5153,79,0,0
30102,5181,80,0,0
30102,5156,81,0,0
30102,5158,82,0,0
30102,5161,83,0,0
30102,5162,84,0,0
30102,5188,85,0,0
30102,5165,86,0,0
30102,5511,87,1,1
30401,9855,1,0,0
30401,9856,2,0,0
30401,4569,3,0,0
30401,15039,4,0,0
30401,14994,5,0,0
30401,14993,6,0,0
30401,4573,7,0,0
30401,14992,8,0,0
30401,4582,9,0,0
30401,4194,10,0,0
30401,4164,11,0,0
30401,4173,12,0,0
30401,4168,13,0,0
30401,4186,14,0,0
30401,4167,15,0,0
30401,2071,16,0,0
30401,15516,17,0,0
30401,15353,18,0,0
30401,4155,19,0,0
30401,13344,20,0,0
30401,4162,21,0,0
30401,4187,22,0,0
30401,4178,23,0,0
30401,4189,24,0,0
30401,15650,25,0,0
30401,15649,26,0,0
30401,15648,27,0,0
30401,15646,28,0,0
30401,15644,29,0,0
30401,15642,30,0,0
30401,15640,31,0,0
30401,15638,32,0,0
30401,12537,33,0,0
30401,15636,34,0,0
30401,4145,35,0,0
30401,15352,36,0,0
30401,4140,37,0,0
30401,4143,38,0,0
30401,4148,39,0,0
30401,15351,40,0,0
30401,3038,41,0,0
30401,3032,42,0,0
30401,3372,43,0,0
30401,9317,44,0,0
30401,1757,45,0,0
30401,1759,46,0,0
30401,1766,47,0,0
30401,1761,48,0,0
30401,1768,49,0,0
30401,1755,50,1,1
30401,15461,51,0,0
30401,15462,52,1,1
30402,3371,1,0,0
30402,1769,2,0,0
30402,1762,3,0,0
30402,1767,4,0,0
30402,1760,5,0,0
30402,1763,6,0,0
30402,1758,7,0,0
30402,9318,8,0,0
30402,1756,9,0,0
30402,3374,10,0,0
30402,3039,11,0,0
30402,4142,12,0,0
30402,4149,13,0,0
30402,15462,14,0,0
30402,15460,15,0,0
30402,4144,16,0,0
30402,4141,17,0,0
30402,4139,18,0,0
30402,4146,19,0,0
30402,15635,20,0,0
30402,12538,21,0,0
30402,15637,22,0,0
30402,15639,23,0,0
30402,15641,24,0,0
30402,15643,25,0,0
30402,4181,26,0,0
30402,15647,27,0,0
30402,10176,28,0,0
30402,4156,29,0,0
30402,4190,30,0,0
30402,4179,31,0,0
30402,4188,32,0,0
30402,4163,33,0,0
30402,11021,34,0,0
30402,4175,35,0,0
30402,14400,36,0,0
30402,4166,37,0,0
30402,2072,38,0,0
30402,2092,39,1,1
30402,13890,40,0,0
30402,4169,41,0,0
30402,4174,42,0,0
30402,4165,43,0,0
30402,4193,44,0,0
30402,11596,45,0,0
30402,15059,46,0,0
30402,15038,47,0,0
30402,4574,48,0,0
30402,4571,49,0,0
30402,4576,50,0,0
30402,4578,51,0,0
30402,4568,52,0,0
30402,2150,53,1,1
30501,14666,1,0,0
30501,9855,2,0,0
30501,9856,3,0,0
30501,2181,4,0,0
30501,2167,5,0,0
30501,987,6,0,0
30501,991,7,0,0
30501,2170,8,0,0
30501,2151,9,0,0
30501,2160,10,0,0
30501,2164,11,0,0
30501,2172,12,0,0
30501,2158,13,0,0
30501,2175,14,0,0
30501,2185,15,0,0
30501,10181,16,0,0
30501,15354,17,0,0
30501,2140,18,0,0
30501,2156,19,0,0
30501,2189,20,0,0
30501,2146,21,0,0
30501,2173,22,0,0
30501,2193,23,0,0
30501,2153,24,0,0
30501,2142,25,0,0
30501,2197,26,0,0
30501,2116,27,0,0
30501,2118,28,0,0
30501,2130,29,0,0
30501,2122,30,0,0
30501,2124,31,0,0
30501,15872,32,0,0
30501,2126,33,0,0
30501,2115,34,0,0
30501,9317,35,0,0
30501,1757,36,0,0
30501,1759,37,0,0
30501,1766,38,0,0
30501,1761,39,0,0
30501,1768,40,0,0
30501,1755,41,0,0
30501,14639,42,1,1
30502,14639,1,0,0
30502,3371,2,0,0
30502,1769,3,0,0
30502,1762,4,0,0
30502,1767,5,0,0
30502,1760,6,0,0
30502,1763,7,0,0
30502,1758,8,0,0
30502,9318,9,0,0
30502,1756,10,0,0
30502,2127,11,0,0
30502,15873,12,0,0
30502,2125,13,0,0
30502,2123,14,0,0
30502,2131,15,0,0
30502,2119,16,0,0
30502,2117,17,0,0
30502,2136,18,0,0
30502,2143,19,0,0
30502,2154,20,0,0
30502,2194,21,0,0
30502,16064,22,0,0
30502,2147,23,0,0
30502,2190,24,0,0
30502,2157,25,0,0
30502,2141,26,0,0
30502,15355,27,0,0
30502,2166,28,0,0
30502,15356,29,0,0
30502,2176,30,0,0
30502,2159,31,0,0
30502,2183,32,0,0
30502,2165,33,0,0
30502,2161,34,0,0
30502,2152,35,0,0
30502,2171,36,0,0
30502,990,37,0,0
30502,988,38,0,0
30502,986,39,0,0
30502,2182,40,0,0
30502,2150,41,0,0
30502,14666,42,1,1
30601,1152,1,0,0
30601,1150,2,0,0
30601,1154,3,0,0
30601,1149,4,0,0
30601,987,5,0,0
30601,991,6,0,0
30601,835,7,0,0
30601,818,8,0,0
30601,826,9,0,0
30601,842,10,0,0
30601,824,11,0,0
30601,839,12,0,0
30601,822,13,0,0
30601,832,14,0,0
30601,830,15,0,0
30601,811,16,0,0
30601,816,17,0,0
30601,809,18,0,0
30601,843,19,0,0
30601,815,20,0,0
30601,837,21,0,0
30601,847,22,0,0
30601,828,23,0,0
30601,813,24,0,0
30601,848,25,0,0
30601,751,26,0,0
30601,753,27,0,0
30601,758,28,0,0
30601,755,29,0,0
30601,757,30,0,0
30601,1452,31,0,0
30601,1106,32,0,0
30601,1109,33,0,0
30601,1104,34,0,0
30601,1080,35,0,0
30601,1081,36,0,0
30601,1087,37,0,0
30601,1096,38,0,0
30601,1083,39,0,0
30601,1100,40,0,0
30601,1098,41,0,0
30601,1092,42,0,0
30601,1094,43,0,0
30601,1077,44,0,0
30601,1089,45,0,0
30601,1112,46,0,0
30601,1085,47,0,0
30601,1800,48,0,0
30601,1113,49,0,0
30601,1115,50,0,0
30601,1122,51,0,0
30601,1127,52,0,0
30601,1120,53,0,0
30601,1118,54,0,0
30601,1125,55,0,0
30601,1124,56,0,0
30601,1262,57,0,0
30601,14741,58,1,1
30602,14741,1,0,0
30602,1263,2,0,0
30602,13923,3,0,0
30602,1126,4,0,0
30602,1119,5,0,0
30602,1121,6,0,0
30602,1128,7,0,0
30602,1123,8,0,0
30602,1116,9,0,0
30602,1114,10,0,0
30602,1117,11,0,0
30602,1794,12,0,0
30602,1079,13,0,0
30602,15357,14,0,0
30602,1090,15,0,0
30602,1103,16,0,0
30602,1095,17,0,0
30602,1093,18,0,0
30602,1099,19,0,0
30602,1101,20,0,0
30602,1084,21,0,0
30602,1097,22,0,0
30602,1086,23,0,0
30602,1082,24,0,0
30602,1108,25,0,0
30602,1105,26,0,0
30602,1110,27,0,0
30602,1107,28,0,0
30602,1102,29,0,0
30602,1451,30,0,0
30602,756,31,0,0
30602,759,32,0,0
30602,754,33,0,0
30602,752,34,0,0
30602,760,35,0,0
30602,814,36,0,0
30602,829,37,0,0
30602,841,38,0,0
30602,838,39,0,0
30602,845,40,0,0
30602,844,41,0,0
30602,12338,42,0,0
30602,817,43,0,0
30602,812,44,0,0
30602,831,45,0,0
30602,833,46,0,0
30602,823,47,0,0
30602,840,48,0,0
30602,825,49,0,0
30602,834,50,0,0
30602,827,51,0,0
30602,819,52,0,0
30602,836,53,0,0
30602,990,54,0,0
30602,988,55,0,0
30602,986,56,0,0
30602,1155,57,0,0
30602,1151,58,0,0
30602,1153,59,1,1
31003,10935,1,0,0
31003,10946,2,0,0
31003,15333,3,0,0
31003,6864,4,0,0
31003,12085,5,0,0
31003,10777,6,0,0
31003,7346,7,0,0
31003,7353,8,0,0
31003,11985,9,0,0
31003,7355,10,0,0
31003,7356,11,0,0
31003,7349,12,0,0
31003,11986,13,0,0
31003,7347,14,0,0
31003,7358,15,0,0
31003,7351,16,0,0
31003,7357,17,0,0
31003,14816,18,1,1
31004,14816,1,0,0
31004,8132,2,0,0
31004,8124,3,0,0
31004,8134,4,0,0
31004,8120,5,0,0
31004,8128,6,0,0
31004,8121,7,0,0
31004,8131,8,0,0
31004,8129,9,0,0
31004,8126,10,0,0
31004,8123,11,0,0
31004,10929,12,0,0
31004,13131,13,0,0
31004,15331,14,0,0
31004,15332,15,0,0
31004,10945,16,0,0
31004,10935,17,1,1
31201,14958,1,0,0
31201,14939,2,0,0
31201,14937,3,0,0
31201,14933,4,0,0
31201,14931,5,0,0
31201,14889,6,0,0
31201,14887,7,0,0
31201,14885,8,0,0
31201,14881,9,0,0
31201,14879,10,0,0
31201,14877,11,0,0
31201,14874,12,0,0
31201,14872,13,0,0
31201,14335,14,0,0
31201,14336,15,0,0
31201,14344,16,0,0
31201,8181,17,0,0
31201,8149,18,0,0
31201,8160,19,0,0
31201,15304,20,1,1
31202,15304,1,0,0
31202,14345,2,0,0
31202,8159,3,0,0
31202,8150,4,0,0
31202,8182,5,0,0
31202,14355,6,0,0
31202,14337,7,0,0
31202,14334,8,0,0
31202,14873,9,0,0
31202,14875,10,0,0
31202,14878,11,0,0
31202,14880,12,0,0
31202,14882,13,0,0
31202,14886,14,0,0
31202,14888,15,0,0
31202,13173,16,0,0
31202,14932,17,0,0
31202,14934,18,0,0
31202,14938,19,0,0
31202,14940,20,0,0
31202,14958,21,1,1
50101,5511,1,0,0
50101,5164,2,0,0
50101,5187,3,0,0
50101,5163,4,0,0
50101,5160,5,0,0
50101,5159,6,0,0
50101,5157,7,0,0
50101,5182,8,0,0
50101,5152,9,0,0
50101,5150,10,0,0
50101,5172,11,0,0
50101,5170,12,0,0
50101,5167,13,0,0
50101,13946,14,0,0
50101,15722,15,0,0
50101,15721,16,0,0
50101,15720,17,0,0
50101,5192,18,0,0
50101,5201,19,0,0
50101,5173,20,0,0
50101,5189,21,0,0
50101,5185,22,0,0
50101,5195,23,0,0
50101,5175,24,0,0
50101,5199,25,0,0
50101,5506,26,0,0
50101,6523,27,0,0
50101,6916,28,0,0
50101,14282,29,0,0
50101,14281,30,0,0
50101,14280,31,0,0
50101,6908,32,0,0
50101,6888,33,0,0
50101,16429,34,0,0
50101,15341,35,0,0
50101,10152,36,0,0
50101,6840,37,0,0
50101,6835,38,0,0
50101,6836,39,0,0
50101,6834,40,0,0
50101,15348,41,0,0
50101,6831,42,0,0
50101,6846,43,0,0
50101,6850,44,0,0
50101,6854,45,0,0
50101,6844,46,0,0
50101,6856,47,0,0
50101,6827,48,0,0
50101,6826,49,0,0
50101,6853,50,0,0
50101,6829,51,0,0
50101,6841,52,0,0
50101,6858,53,0,0
50101,16716,54,0,0
50101,16578,55,0,0
50101,12314,56,0,0
50101,3050,57,0,0
50101,3070,58,0,0
50101,3060,59,0,0
50101,3064,60,0,0
50101,3068,61,0,0
50101,3073,62,0,0
50101,3066,63,0,0
50101,3038,64,0,0
50101,3032,65,0,0
50101,3072,66,0,0
50101,3046,67,0,0
50101,3058,68,0,0
50101,3035,69,0,0
50101,3062,70,0,0
50101,3037,71,0,0
50101,3030,72,0,0
50101,3056,73,0,0
50101,15699,74,0,0
50101,3048,75,0,0
50101,15336,76,0,0
50101,4557,77,0,0
50101,11845,78,0,0
50101,6810,79,0,0
50101,6824,80,0,0
50101,15342,81,0,0
50101,15338,82,0,0
50101,16520,83,0,0
50101,15344,84,0,0
50101,6801,85,0,0
50101,10158,86,0,0
50101,11683,87,1,1
50102,6813,1,0,0
50102,6817,2,0,0
50102,15347,3,0,0
50102,6804,4,0,0
50102,6822,5,0,0
50102,15339,6,0,0
50102,6803,7,0,0
50102,15343,8,0,0
50102,6811,9,0,0
50102,6806,10,0,0
50102,3045,11,0,0
50102,15337,12,0,0
50102,3049,13,0,0
50102,3029,14,0,0
50102,3057,15,0,0
50102,3052,16,0,0
50102,3034,17,0,0
50102,3063,18,0,0
50102,3036,19,0,0
50102,3059,20,0,0
50102,3047,21,0,0
50102,3031,22,0,0
50102,3033,23,0,0
50102,3039,24,0,0
50102,3067,25,0,0
50102,3074,26,0,0
50102,3069,27,0,0
50102,3065,28,0,0
50102,3061,29,0,0
50102,3071,30,0,0
50102,3051,31,0,0
50102,803,32,0,0
50102,10892,33,0,0
50102,13874,34,0,0
50102,6859,35,0,0
50102,15340,36,0,0
50102,3084,37,0,0
50102,3087,38,0,0
50102,3088,39,0,0
50102,3080,40,0,0
50102,3081,41,0,0
50102,6848,42,0,0
50102,6830,43,0,0
50102,6855,44,0,0
50102,6851,45,0,0
50102,6847,46,0,0
50102,6832,47,0,0
50102,6838,48,0,0
50102,16849,49,0,0
50102,6839,50,0,0
50102,6845,51,0,0
50102,6842,52,0,0
50102,6852,53,0,0
50102,6857,54,0,0
50102,6849,55,0,0
50102,16402,56,0,0
50102,6909,57,0,0
50102,14393,58,0,0
50102,14394,59,0,0
50102,14395,60,0,0
50102,6915,61,0,0
50102,6523,62,0,0
50102,5200,63,0,0
50102,15746,64,0,0
50102,5196,65,0,0
50102,5186,66,0,0
50102,5190,67,0,0
50102,5174,68,0,0
50102,5202,69,0,0
50102,5193,70,0,0
50102,5179,71,0,0
50102,5203,72,0,0
50102,5198,73,0,0
50102,13947,74,0,0
50102,5168,75,0,0
50102,5171,76,0,0
50102,5180,77,0,0
50102,5151,78,0,0
50102,5153,79,0,0
50102,5181,80,0,0
50102,5156,81,0,0
50102,5158,82,0,0
50102,5161,83,0,0
50102,5162,84,0,0
50102,5188,85,0,0
50102,5165,86,0,0
50102,5511,87,1,1
50301,15824,1,0,0
50301,15838,2,0,0
50301,15642,3,0,0
50301,15640,4,0,0
50301,15638,5,0,0
50301,12537,6,0,0
50301,15636,7,0,0
50301,4145,8,0,0
50301,15352,9,0,0
50301,4140,10,0,0
50301,4143,11,0,0
50301,4148,12,0,0
50301,15351,13,0,0
50301,3038,14,0,0
50301,3032,15,0,0
50301,3072,16,0,0
50301,3046,17,0,0
50301,3058,18,0,0
50301,3035,19,0,0
50301,3062,20,0,0
50301,3037,21,0,0
50301,3030,22,0,0
50301,3056,23,0,0
50301,15699,24,0,0
50301,3048,25,0,0
50301,15336,26,0,0
50301,4557,27,0,0
50301,13461,28,0,0
50301,2774,29,0,0
50301,16838,30,0,0
50301,2802,31,0,0
50301,2776,32,0,0
50301,2800,33,0,0
50301,2782,34,0,0
50301,2796,35,0,0
50301,2779,36,0,0
50301,2766,37,0,0
50301,2794,38,0,0
50301,4265,39,0,0
50301,2839,40,1,1
50302,2839,1,0,0
50302,1738,2,0,0
50302,2795,3,0,0
50302,2767,4,0,0
50302,15349,5,0,0
50302,2785,6,0,0
50302,2783,7,0,0
50302,2770,8,0,0
50302,2777,9,0,0
50302,15350,10,0,0
50302,2772,11,0,0
50302,2775,12,0,0
50302,14058,13,0,0
50302,3045,14,0,0
50302,15337,15,0,0
50302,3049,16,0,0
50302,3029,17,0,0
50302,3057,18,0,0
50302,3052,19,0,0
50302,3034,20,0,0
50302,3063,21,0,0
50302,3036,22,0,0
50302,3059,23,0,0
50302,3047,24,0,0
50302,3031,25,0,0
50302,3033,26,0,0
50302,3039,27,0,0
50302,4142,28,0,0
50302,4149,29,0,0
50302,4144,30,0,0
50302,4141,31,0,0
50302,4139,32,0,0
50302,4146,33,0,0
50302,15635,34,0,0
50302,12538,35,0,0
50302,15637,36,0,0
50302,15639,37,0,0
50302,15824,38,1,1
50401,9855,1,0,0
50401,9856,2,0,0
50401,14665,3,0,0
50401,4569,4,0,0
50401,15039,5,0,0
50401,14994,6,0,0
50401,14993,7,0,0
50401,4573,8,0,0
50401,14992,9,0,0
50401,4582,10,0,0
50401,4194,11,0,0
50401,4164,12,0,0
50401,4173,13,0,0
50401,4168,14,0,0
50401,4186,15,0,0
50401,4167,16,0,0
50401,2032,17,0,0
50401,2071,18,0,0
50401,15516,19,0,0
50401,15353,20,0,0
50401,4155,21,0,0
50401,13344,22,0,0
50401,4162,23,0,0
50401,4187,24,0,0
50401,4178,25,0,0
50401,4189,26,0,0
50401,15650,27,0,0
50401,15649,28,0,0
50401,15648,29,0,0
50401,15646,30,0,0
50401,15644,31,0,0
50401,15642,32,0,0
50401,15640,33,0,0
50401,15638,34,0,0
50401,12537,35,0,0
50401,15636,36,0,0
50401,4145,37,0,0
50401,15352,38,0,0
50401,4140,39,0,0
50401,4143,40,0,0
50401,4148,41,0,0
50401,15351,42,0,0
50401,3038,43,0,0
50401,3032,44,0,0
50401,3372,45,0,0
50401,9317,46,0,0
50401,1757,47,0,0
50401,1759,48,0,0
50401,1766,49,0,0
50401,1761,50,0,0
50401,1768,51,0,0
50401,1755,52,0,0
50401,14640,53,1,1
50401,15461,54,0,0
50401,15462,55,0,0
50402,14640,1,0,0
50402,3371,2,0,0
50402,1769,3,0,0
50402,1762,4,0,0
50402,1767,5,0,0
50402,1760,6,0,0
50402,1763,7,0,0
50402,1758,8,0,0
50402,9318,9,0,0
50402,1756,10,0,0
50402,3374,11,0,0
50402,3039,12,0,0
50402,4142,13,0,0
50402,4149,14,0,0
50402,15461,15,0,0
50402,15462,16,0,0
50402,15460,17,0,0
50402,4144,18,0,0
50402,4141,19,0,0
50402,4139,20,0,0
50402,4146,21,0,0
50402,15635,22,0,0
50402,12538,23,0,0
50402,15637,24,0,0
50402,15639,25,0,0
50402,15641,26,0,0
50402,15643,27,0,0
50402,4181,28,0,0
50402,15647,29,0,0
50402,10176,30,0,0
50402,4156,31,0,0
50402,4190,32,0,0
50402,4179,33,0,0
50402,4188,34,0,0
50402,4163,35,0,0
50402,11021,36,0,0
50402,4175,37,0,0
50402,14400,38,0,0
50402,4166,39,0,0
50402,2072,40,0,0
50402,2092,41,0,0
50402,2032,42,1,1
50402,13890,43,0,0
50402,4169,44,0,0
50402,4174,45,0,0
50402,4165,46,0,0
50402,4193,47,0,0
50402,11596,48,0,0
50402,15059,49,0,0
50402,15038,50,0,0
50402,4574,51,0,0
50402,4571,52,0,0
50402,4576,53,0,0
50402,4578,54,0,0
50402,4568,55,0,0
50402,2150,56,0,0
50402,14665,57,1,1
50501,14666,1,0,0
50501,9855,2,0,0
50501,2181,3,0,0
50501,2167,4,0,0
50501,987,5,0,0
50501,991,6,0,0
50501,2170,7,0,0
50501,2151,8,0,0
50501,2160,9,0,0
50501,2164,10,0,0
50501,2172,11,0,0
50501,2158,12,0,0
50501,2175,13,0,0
50501,2185,14,0,0
50501,10181,15,0,0
50501,15354,16,0,0
50501,2140,17,0,0
50501,2156,18,0,0
50501,2189,19,0,0
50501,2146,20,0,0
50501,2173,21,0,0
50501,2193,22,0,0
50501,2153,23,0,0
50501,2142,24,0,0
50501,2197,25,0,0
50501,2116,26,0,0
50501,2118,27,0,0
50501,2130,28,0,0
50501,2122,29,0,0
50501,2124,30,0,0
50501,15872,31,0,0
50501,2126,32,0,0
50501,2115,33,0,0
50501,9317,34,0,0
50501,1757,35,0,0
50501,1759,36,0,0
50501,1766,37,0,0
50501,1761,38,0,0
50501,1768,39,0,0
50501,1755,40,1,1
50501,14639,41,1,1
50502,14639,1,0,0
50502,3371,2,0,0
50502,1769,3,0,0
50502,1762,4,0,0
50502,1767,5,0,0
50502,1760,6,0,0
50502,1763,7,0,0
50502,1758,8,0,0
50502,9318,9,0,0
50502,1756,10,0,0
50502,2127,11,0,0
50502,15873,12,0,0
50502,2125,13,0,0
50502,2123,14,0,0
50502,2131,15,0,0
50502,2119,16,0,0
50502,2117,17,0,0
50502,2136,18,0,0
50502,2143,19,0,0
50502,2154,20,0,0
50502,2194,21,0,0
50502,16064,22,0,0
50502,2147,23,0,0
50502,2190,24,0,0
50502,2157,25,0,0
50502,2141,26,0,0
50502,15355,27,0,0
50502,2166,28,0,0
50502,15356,29,0,0
50502,2176,30,0,0
50502,2159,31,0,0
50502,2183,32,0,0
50502,2165,33,0,0
50502,2161,34,0,0
50502,2152,35,0,0
50502,2171,36,0,0
50502,990,37,0,0
50502,988,38,0,0
50502,986,39,0,0
50502,2182,40,0,0
50502,2150,41,0,0
50502,13702,42,1,0
50502,14666,43,1,1
50601,1252,1,0,0
50601,1152,2,0,0
50601,1150,3,0,0
50601,1154,4,0,0
50601,1149,5,0,0
50601,987,6,0,0
50601,991,7,0,0
50601,835,8,0,0
50601,818,9,0,0
50601,826,10,0,0
50601,842,11,0,0
50601,824,12,0,0
50601,839,13,0,0
50601,822,14,0,0
50601,832,15,0,0
50601,830,16,0,0
50601,811,17,0,0
50601,816,18,0,0
50601,809,19,0,0
50601,843,20,0,0
50601,815,21,0,0
50601,837,22,0,0
50601,847,23,0,0
50601,828,24,0,0
50601,813,25,0,0
50601,848,26,0,0
50601,751,27,0,0
50601,753,28,0,0
50601,758,29,0,0
50601,755,30,0,0
50601,757,31,0,0
50601,1452,32,0,0
50601,1106,33,0,0
50601,1109,34,0,0
50601,1104,35,0,0
50601,1080,36,0,0
50601,1081,37,0,0
50601,1087,38,0,0
50601,1096,39,0,0
50601,1083,40,0,0
50601,1100,41,0,0
50601,1098,42,0,0
50601,1092,43,0,0
50601,1094,44,0,0
50601,1077,45,0,0
50601,1089,46,0,0
50601,1112,47,0,0
50601,1085,48,0,0
50601,1800,49,0,0
50601,1113,50,0,0
50601,1115,51,0,0
50601,1122,52,0,0
50601,1127,53,0,0
50601,1120,54,0,0
50601,1118,55,0,0
50601,1125,56,0,0
50601,1124,57,0,0
50601,1262,58,0,0
50601,14741,59,1,1
50602,14741,1,0,0
50602,1263,2,0,0
50602,13923,3,0,0
50602,1126,4,0,0
50602,1119,5,0,0
50602,1121,6,0,0
50602,1128,7,0,0
50602,1123,8,0,0
50602,1116,9,0,0
50602,1114,10,0,0
50602,1117,11,0,0
50602,1794,12,0,0
50602,1079,13,0,0
50602,15357,14,0,0
50602,1090,15,0,0
50602,1103,16,0,0
50602,1095,17,0,0
50602,1093,18,0,0
50602,1099,19,0,0
50602,1101,20,0,0
50602,1084,21,0,0
50602,1097,22,0,0
50602,1086,23,0,0
50602,1082,24,0,0
50602,1108,25,0,0
50602,1105,26,0,0
50602,1110,27,0,0
50602,1107,28,0,0
50602,1102,29,0,0
50602,1451,30,0,0
50602,756,31,0,0
50602,759,32,0,0
50602,754,33,0,0
50602,752,34,0,0
50602,760,35,0,0
50602,814,36,0,0
50602,829,37,0,0
50602,841,38,0,0
50602,838,39,0,0
50602,845,40,0,0
50602,844,41,0,0
50602,12338,42,0,0
50602,817,43,0,0
50602,812,44,0,0
50602,831,45,0,0
50602,833,46,0,0
50602,823,47,0,0
50602,840,48,0,0
50602,825,49,0,0
50602,834,50,0,0
50602,827,51,0,0
50602,819,52,0,0
50602,836,53,0,0
50602,990,54,0,0
50602,988,55,0,0
50602,986,56,0,0
50602,1155,57,0,0
50602,1151,58,0,0
50602,1153,59,0,0
50602,1252,60,1,1
50701,5511,1,0,0
50701,5164,2,0,0
50701,5187,3,0,0
50701,5163,4,0,0
50701,5160,5,0,0
50701,5159,6,0,0
50701,5157,7,0,0
50701,5182,8,0,0
50701,5152,9,0,0
50701,5150,10,0,0
50701,5172,11,0,0
50701,5170,12,0,0
50701,5167,13,0,0
50701,13946,14,0,0
50701,15722,15,0,0
50701,15721,16,0,0
50701,15720,17,0,0
50701,5192,18,0,0
50701,5201,19,0,0
50701,5173,20,0,0
50701,5189,21,0,0
50701,5185,22,0,0
50701,5195,23,0,0
50701,5175,24,0,0
50701,5199,25,0,0
50701,15155,26,1,1
50702,15155,1,0,0
50702,5200,2,0,0
50702,15746,3,0,0
50702,5196,4,0,0
50702,5186,5,0,0
50702,5190,6,0,0
50702,5174,7,0,0
50702,5202,8,0,0
50702,5193,9,0,0
50702,5179,10,0,0
50702,5203,11,0,0
50702,5198,12,0,0
50702,13947,13,0,0
50702,5168,14,0,0
50702,5171,15,0,0
50702,5180,16,0,0
50702,5151,17,0,0
50702,5153,18,0,0
50702,5181,19,0,0
50702,5156,20,0,0
50702,5158,21,0,0
50702,5161,22,0,0
50702,5162,23,0,0
50702,5188,24,0,0
50702,5165,25,0,0
50702,5511,26,1,1
50801,5511,1,0,0
50801,5164,2,0,0
50801,5187,3,0,0
50801,5163,4,0,0
50801,5160,5,0,0
50801,5159,6,0,0
50801,5157,7,0,0
50801,5182,8,0,0
50801,5152,9,0,0
50801,5150,10,0,0
50801,5172,11,0,0
50801,5170,12,0,0
50801,5167,13,0,0
50801,13946,14,0,0
50801,15722,15,0,0
50801,15721,16,0,0
50801,15720,17,0,0
50801,5192,18,0,0
50801,5201,19,0,0
50801,5173,20,0,0
50801,5189,21,0,0
50801,5185,22,0,0
50801,5195,23,0,0
50801,5175,24,0,0
50801,5199,25,0,0
50801,5506,26,0,0
50801,6916,27,0,0
50801,14282,28,0,0
50801,14281,29,0,0
50801,14280,30,0,0
50801,6908,31,0,0
50801,6888,32,0,0
50801,16452,33,0,0
50801,4194,34,0,0
50801,4164,35,0,0
50801,4173,36,0,0
50801,4168,37,0,0
50801,4186,38,0,0
50801,4167,39,0,0
50801,15353,40,0,0
50801,4155,41,0,0
50801,13344,42,0,0
50801,4162,43,0,0
50801,4187,44,0,0
50801,4178,45,0,0
50801,4189,46,0,0
50801,15650,47,0,0
50801,15649,48,0,0
50801,15648,49,0,0
50801,15646,50,0,0
50801,15644,51,0,0
50801,15642,52,0,0
50801,15640,53,0,0
50801,15638,54,0,0
50801,12537,55,0,0
50801,15636,56,0,0
50801,4145,57,0,0
50801,15352,58,0,0
50801,4140,59,0,0
50801,4143,60,0,0
50801,4148,61,0,0
50801,15461,62,0,0
50801,15462,63,1,1
50802,15462,1,0,0
50802,15460,2,0,0
50802,4144,3,0,0
50802,4141,4,0,0
50802,4139,5,0,0
50802,4146,6,0,0
50802,15635,7,0,0
50802,12538,8,0,0
50802,15637,9,0,0
50802,15639,10,0,0
50802,15641,11,0,0
50802,15643,12,0,0
50802,4181,13,0,0
50802,15647,14,0,0
50802,10176,15,0,0
50802,4156,16,0,0
50802,4190,17,0,0
50802,4179,18,0,0
50802,4188,19,0,0
50802,4163,20,0,0
50802,11021,21,0,0
50802,4175,22,0,0
50802,14400,23,0,0
50802,4166,24,0,0
50802,13890,25,0,0
50802,4169,26,0,0
50802,4174,27,0,0
50802,4165,28,0,0
50802,4193,29,0,0
50802,11596,30,0,0
50802,16402,31,0,0
50802,6909,32,0,0
50802,14393,33,0,0
50802,14394,34,0,0
50802,14395,35,0,0
50802,6915,36,0,0
50802,6523,37,0,0
50802,5200,38,0,0
50802,15746,39,0,0
50802,5196,40,0,0
50802,5186,41,0,0
50802,5190,42,0,0
50802,5174,43,0,0
50802,5202,44,0,0
50802,5193,45,0,0
50802,5179,46,0,0
50802,5203,47,0,0
50802,5198,48,0,0
50802,13947,49,0,0
50802,5168,50,0,0
50802,5171,51,0,0
50802,5180,52,0,0
50802,5151,53,0,0
50802,5153,54,0,0
50802,5181,55,0,0
50802,5156,56,0,0
50802,5158,57,0,0
50802,5161,58,0,0
50802,5162,59,0,0
50802,5188,60,0,0
50802,5165,61,0,0
50802,5511,62,1,1
50901,13366,1,0,0
50901,1062,2,0,0
50901,14508,3,0,0
50901,14512,4,0,0
50901,10210,5,0,0
50901,13371,6,0,0
50901,13369,7,0,0
50901,13131,8,0,0
50901,15331,9,0,0
50901,15332,10,0,0
50901,10945,11,0,0
50901,10935,12,1,1
50902,10935,1,0,0
50902,10946,2,0,0
50902,15333,3,0,0
50902,6864,4,0,0
50902,13370,5,0,0
50902,13367,6,0,0
50902,13368,7,0,0
50902,13362,8,0,0
50902,14511,9,0,0
50902,14509,10,0,0
50902,1063,11,0,0
50902,15190,12,1,0
50902,13366,13,1,1
51003,10935,1,0,0
51003,10946,2,0,0
51003,15333,3,0,0
51003,6864,4,0,0
51003,12085,5,0,0
51003,10927,6,0,0
51003,10777,7,0,0
51003,7346,8,0,0
51003,7353,9,0,0
51003,11985,10,0,0
51003,7355,11,0,0
51003,7356,12,0,0
51003,7349,13,0,0
51003,11986,14,0,0
51003,7347,15,0,0
51003,7358,16,0,0
51003,7351,17,0,0
51003,7357,18,0,0
51003,14816,19,1,1
51004,14816,1,0,0
51004,8132,2,0,0
51004,8124,3,0,0
51004,8134,4,0,0
51004,8120,5,0,0
51004,8128,6,0,0
51004,8121,7,0,0
51004,8131,8,0,0
51004,8129,9,0,0
51004,8126,10,0,0
51004,8123,11,0,0
51004,10929,12,0,0
51004,13131,13,0,0
51004,10927,14,1,1
51004,15331,15,0,0
51004,15332,16,0,0
51004,10945,17,0,0
51004,10935,18,1,1
51103,12584,1,0,0
51103,1062,2,0,0
51103,14508,3,0,0
51103,14512,4,0,0
51103,10210,5,0,0
51103,13672,6,0,0
51103,15224,7,0,0
51103,161,8,0,0
51103,186,9,0,0
51103,15335,10,0,0
51103,126,11,0,0
51103,16454,12,0,0
51103,110,13,0,0
51103,212,14,0,0
51103,148,15,0,0
51103,167,16,0,0
51103,96,17,1,1
51103,14619,18,1,1
51104,14619,1,0,0
51104,15518,2,0,0
51104,15334,3,0,0
51104,149,4,0,0
51104,213,5,0,0
51104,111,6,0,0
51104,178,7,0,0
51104,127,8,0,0
51104,193,9,0,0
51104,187,10,0,0
51104,162,11,0,0
51104,15225,12,0,0
51104,100,13,0,0
51104,13362,14,0,0
51104,14511,15,0,0
51104,14509,16,0,0
51104,1063,17,0,0
51104,15190,18,1,0
51104,12584,19,1,1
51201,14958,1,0,0
51201,15050,2,0,0
51201,14939,3,0,0
51201,14937,4,0,0
51201,14935,5,0,0
51201,14933,6,0,0
51201,14931,7,0,0
51201,14889,8,0,0
51201,14887,9,0,0
51201,14885,10,0,0
51201,14883,11,0,0
51201,14881,12,0,0
51201,14879,13,0,0
51201,14877,14,0,0
51201,14874,15,0,0
51201,14872,16,0,0
51201,14870,17,0,0
51201,14335,18,0,0
51201,14336,19,0,0
51201,15308,20,0,0
51201,14343,21,0,0
51201,14344,22,0,0
51201,8181,23,0,0
51201,14351,24,0,0
51201,8149,25,0,0
51201,8160,26,0,0
51201,14778,27,1,1
51202,14778,1,0,0
51202,14345,2,0,0
51202,8159,3,0,0
51202,8150,4,0,0
51202,8163,5,0,0
51202,8182,6,0,0
51202,14355,7,0,0
51202,4632,8,0,0
51202,14780,9,0,0
51202,14337,10,0,0
51202,14334,11,0,0
51202,14871,12,0,0
51202,14873,13,0,0
51202,14875,14,0,0
51202,14878,15,0,0
51202,14880,16,0,0
51202,14882,17,0,0
51202,14884,18,0,0
51202,14886,19,0,0
51202,14888,20,0,0
51202,13173,21,0,0
51202,14932,22,0,0
51202,14934,23,0,0
51202,14936,24,0,0
51202,14938,25,0,0
51202,14940,26,0,0
51202,14958,27,1,1
