30401,'1',2618,,26147,3,0,34,1,10,,26148,3,0,34,1,10,,26149,3,0,34,1,10,,26150,3,0,34,1,10,,26160,3,0,34,1,50,,26151,3,0,34,1,10,,26152,3,0,34,1,10,,26153,3,0,34,1,10,,26154,3,0,34,1,10,,26155,3,0,34,1,10,,26156,3,0,34,1,50,,26157,3,0,34,1,10,,26158,3,0,34,1,10,,26159,3,0,34,1,10,,26146,3,0,34,1,15,,26145,3,0,34,1,50,,26168,3,0,34 3 14,1,10,,26165,3,0,34 3 14,1,10,,26167,3,0,34 3 14,1,10,,26166,3,0,34 3 14,1,5,,26164,3,0,34 3 14,1
30401,'2',2625,,26170,3,0,34,1,10,,26171,3,0,34,1,10,,26172,3,0,34,1,10,,26173,3,0,34,1,50,,26174,3,0,34,1,10,,26175,3,0,34,1,10,,26176,3,0,34,1,10,,26177,3,0,34,1,10,,26178,3,0,34,1,10,,26179,3,0,34,1,50,,26180,3,0,34,1,10,,26181,3,0,34,1,10,,26182,3,0,34,1,10,,26183,3,0,34,1,10,,26184,3,0,34,1,12,,26169,3,0,34,1,50,,26185,3,0,34 3 14,1,10,,26186,3,0,34 3 14,1,5,,26191,3,0,34 3 14,1,5,,26187,3,0,34 3 14,1,10,,26188,3,0,34 3 14,1,10,,26189,3,0,34 3 14,1,53,,26190,3,0,34 3 14,1
30401,'3',515,,26200,3,0,26 43,1,14,,26201,3,0,26 43,1,14,,26202,3,0,26 43,1,14,,26197,3,0,26 43,1,54,,26203,3,0,26 43,1,14,,26204,3,0,26 43,1,14,,26205,3,0,26 43,1,14,,26206,3,0,26 43,1,54,,26207,3,0,26 43,1,14,,26208,3,0,26 43,1,14,,26209,3,0,26 43,1,14,,26210,3,0,26 43,1,54,,26194,3,0,26 43,1,1814,,26237,3,0,34 3 14,1,10,,26199,3,0,34,1,10,,26236,3,0,34,1,10,,26221,3,0,34,1,10,,26222,3,0,34,1,50,,26223,3,0,34,1,10,,26224,3,0,34,1,10,,26225,3,0,34,1,10,,26226,3,0,34,1,10,,26227,3,0,34,1,10,,26228,3,0,34,1,50,,26229,3,0,34,1,10,,26230,3,0,34,1,10,,26231,3,0,34,1,10,,26232,3,0,34,1,10,,26198,3,0,34,1,10,,26233,3,0,34 3 14,1,50,,26234,3,0,34 3 14,1,10,,26235,3,0,34 3 14,1
30401,'4',2627,,26242,3,0,34,1,10,,26258,3,0,34,1,10,,26243,3,0,34,1,10,,26244,3,0,34,1,50,,26245,3,0,34,1,10,,26246,3,0,34,1,10,,26247,3,0,34,1,10,,26248,3,0,34,1,10,,26249,3,0,34,1,10,,26250,3,0,34,1,50,,26251,3,0,34,1,10,,26252,3,0,34,1,10,,26253,3,0,34,1,10,,26254,3,0,34,1,10,,26241,3,0,34,1,10,,26255,3,0,34 3 14,1,50,,26256,3,0,34 3 14,1,10,,26257,3,0,34 3 14,1
30501,'1',2501,,26387,3,0,34,1,20,,26384,3,0,34,1,15,,26391,3,0,34,1,15,,26397,3,0,34,1,55,,26383,3,0,34,1,10,,26388,3,0,34,1,10,,26396,3,0,34,1,20,,26395,3,0,34,1,10,,26389,3,0,34,1,50,,26394,3,0,34,1,20,,26393,3,0,34,1,20,,26385,3,0,34,1,60,,26386,3,0,34,1,30,,26390,3,0,34,1,70,,26392,3,0,34,1
30501,'2',2513,,26398,3,0,34,1,6,,26402,3,0,34,1,2,,26399,3,0,34,1,15,,26401,3,0,34,1,10,,26400,3,0,34,1,10,,26411,3,0,34,1,60,,26412,3,0,34,1,20,,26410,3,0,34,1,20,,26409,3,0,34,1,60,,26408,3,0,34,1,20,,26413,3,0,34,1,20,,26407,3,0,34,1,70,,26403,3,0,34,1,8,,26404,3,0,34,1,22,,26405,3,0,34,1,70,,26406,3,0,34,1
30501,'3',519,,26414,3,0,34,1,15,,26429,3,0,34,1,15,,26448,3,0,34,1,54,,26447,3,0,34,1,16,,26446,3,0,34,1,15,,26445,3,0,34,1,15,,26444,3,0,34,1,55,,26443,3,0,34,1,15,,26433,3,0,34,1,10,,26432,3,0,34,1,10,,26431,3,0,34,1,10,,26428,3,0,34,1,10,,26430,3,0,34,1,1749,,26438,3,0,34,1,10,,26441,3,0,34,1,10,,26449,3,0,34,1,10,,26416,3,0,34,1,12,,26435,3,0,34,1,60,,26415,3,0,34,1,7,,26418,3,0,34,1,13,,26437,3,0,34,1,20,,26419,3,0,34,1,50,,26436,3,0,34,1,30,,26439,3,0,34,1,70,,26440,3,0,34,1,8,,26417,3,0,34,1,22,,26442,3,0,34,1,20,,26434,3,0,34,1
30501,'4',2508,,26456,3,0,34,1,11,,26458,3,0,34,1,9,,26459,3,0,34,1,10,,26461,3,0,34,1,12,,26453,3,0,34,1,57,,26452,3,0,34,1,6,,26464,3,0,34,1,17,,26455,3,0,34,1,20,,26451,3,0,34,1,60,,26454,3,0,34,1,20,,26465,3,0,34,1,27,,26457,3,0,34,1,51,,26463,3,0,34,1,22,,26460,3,0,34,1,70,,26462,3,0,34,1
50401,'1',503,,29210,3,0,26 43,1,15,,29209,3,0,26 43,1,10,,29208,3,0,26 43,1,10,,29238,3,0,26 43,1
50401,'2',451,,29559,3,0,26 43,1,60,,29558,3,0,26 43,1,15,,29557,3,0,26 43,1,15,,29556,3,0,26 43,1,10,,29607,3,0,26 43,1
50401,'4',515,,29987,3,0,26 43,1,14,,29986,3,0,26 43,1,14,,29985,3,0,26 43,1
