30401,'1',2618,,26147,2,0,34,1,10,,26148,2,0,34,1,10,,26149,2,0,34,1,10,,26150,2,0,34,1,10,,26160,2,0,34,1,50,,26151,2,0,34,1,10,,26152,2,0,34,1,10,,26153,2,0,34,1,10,,26154,2,0,34,1,10,,26155,2,0,34,1,10,,26156,2,0,34,1,50,,26157,2,0,34,1,10,,26158,2,0,34,1,10,,26159,2,0,34,1,10,,26146,2,0,34,1,15,,26145,2,0,34,1,50,,26168,2,0,34 3 14,1,10,,26165,2,0,34 3 14,1,10,,26167,2,0,34 3 14,1,10,,26166,2,0,34 3 14,1,5,,26164,2,0,34 3 14,1
30401,'2',2625,,26170,2,0,34,1,10,,26171,2,0,34,1,10,,26172,2,0,34,1,10,,26173,2,0,34,1,50,,26174,2,0,34,1,10,,26175,2,0,34,1,10,,26176,2,0,34,1,10,,26177,2,0,34,1,10,,26178,2,0,34,1,10,,26179,2,0,34,1,50,,26180,2,0,34,1,10,,26181,2,0,34,1,10,,26182,2,0,34,1,10,,26183,2,0,34,1,10,,26184,2,0,34,1,12,,26169,2,0,34,1,50,,26185,2,0,34 3 14,1,10,,26186,2,0,34 3 14,1,5,,26191,2,0,34 3 14,1,5,,26187,2,0,34 3 14,1,10,,26188,2,0,34 3 14,1,10,,26189,2,0,34 3 14,1,53,,26190,2,0,34 3 14,1
30401,'3',514,,26200,2,0,26 43,1,14,,26201,2,0,26 43,1,14,,26202,2,0,26 43,1,14,,26197,2,0,26 43,1,54,,26203,2,0,26 43,1,14,,26204,2,0,26 43,1,14,,26205,2,0,26 43,1,14,,26206,2,0,26 43,1,54,,26207,2,0,26 43,1,14,,26208,2,0,26 43,1,14,,26209,2,0,26 43,1,14,,26210,2,0,26 43,1,54,,26194,2,0,26 43,1,1815,,26237,2,0,34 3 14,1,10,,26199,2,0,34,1,10,,26236,2,0,34,1,10,,26221,2,0,34,1,10,,26222,2,0,34,1,50,,26223,2,0,34,1,10,,26224,2,0,34,1,10,,26225,2,0,34,1,10,,26226,2,0,34,1,10,,26227,2,0,34,1,10,,26228,2,0,34,1,50,,26229,2,0,34,1,10,,26230,2,0,34,1,10,,26231,2,0,34,1,10,,26232,2,0,34,1,10,,26198,2,0,34,1,10,,26233,2,0,34 3 14,1,50,,26234,2,0,34 3 14,1,10,,26235,2,0,34 3 14,1
30401,'4',2627,,26242,2,0,34,1,10,,26258,2,0,34,1,10,,26243,2,0,34,1,10,,26244,2,0,34,1,50,,26245,2,0,34,1,10,,26246,2,0,34,1,10,,26247,2,0,34,1,10,,26248,2,0,34,1,10,,26249,2,0,34,1,10,,26250,2,0,34,1,50,,26251,2,0,34,1,10,,26252,2,0,34,1,10,,26253,2,0,34,1,10,,26254,2,0,34,1,10,,26241,2,0,34,1,10,,26255,2,0,34 3 14,1,50,,26256,2,0,34 3 14,1,10,,26257,2,0,34 3 14,1
30501,'1',2501,,26387,2,0,34,1,20,,26384,2,0,34,1,15,,26391,2,0,34,1,15,,26397,2,0,34,1,55,,26383,2,0,34,1,10,,26388,2,0,34,1,10,,26396,2,0,34,1,20,,26395,2,0,34,1,10,,26389,2,0,34,1,50,,26394,2,0,34,1,20,,26393,2,0,34,1,20,,26385,2,0,34,1,60,,26386,2,0,34,1,30,,26390,2,0,34,1,70,,26392,2,0,34,1
30501,'2',2513,,26398,2,0,34,1,6,,26402,2,0,34,1,2,,26399,2,0,34,1,15,,26401,2,0,34,1,10,,26400,2,0,34,1,10,,26411,2,0,34,1,60,,26412,2,0,34,1,20,,26410,2,0,34,1,20,,26409,2,0,34,1,60,,26408,2,0,34,1,20,,26413,2,0,34,1,20,,26407,2,0,34,1,70,,26403,2,0,34,1,8,,26404,2,0,34,1,22,,26405,2,0,34,1,70,,26406,2,0,34,1
30501,'3',518,,26414,2,0,34,1,15,,26429,2,0,34,1,15,,26448,2,0,34,1,54,,26447,2,0,34,1,16,,26446,2,0,34,1,15,,26445,2,0,34,1,15,,26444,2,0,34,1,55,,26443,2,0,34,1,15,,26433,2,0,34,1,10,,26432,2,0,34,1,10,,26431,2,0,34,1,10,,26428,2,0,34,1,10,,26430,2,0,34,1,1750,,26438,2,0,34,1,10,,26441,2,0,34,1,10,,26449,2,0,34,1,10,,26416,2,0,34,1,12,,26435,2,0,34,1,60,,26415,2,0,34,1,7,,26418,2,0,34,1,13,,26437,2,0,34,1,20,,26419,2,0,34,1,50,,26436,2,0,34,1,30,,26439,2,0,34,1,70,,26440,2,0,34,1,8,,26417,2,0,34,1,22,,26442,2,0,34,1,20,,26434,2,0,34,1
30501,'4',2508,,26456,2,0,34,1,11,,26458,2,0,34,1,9,,26459,2,0,34,1,10,,26461,2,0,34,1,12,,26453,2,0,34,1,57,,26452,2,0,34,1,6,,26464,2,0,34,1,17,,26455,2,0,34,1,20,,26451,2,0,34,1,60,,26454,2,0,34,1,20,,26465,2,0,34,1,27,,26457,2,0,34,1,51,,26463,2,0,34,1,22,,26460,2,0,34,1,70,,26462,2,0,34,1
50401,'1',502,,29210,2,0,26 43,1,15,,29209,2,0,26 43,1,10,,29208,2,0,26 43,1,10,,29238,2,0,26 43,1
50401,'2',450,,29559,2,0,26 43,1,60,,29558,2,0,26 43,1,15,,29557,2,0,26 43,1,15,,29556,2,0,26 43,1,10,,29607,2,0,26 43,1
50401,'4',514,,29987,2,0,26 43,1,14,,29986,2,0,26 43,1,14,,29985,2,0,26 43,1
50501,'1',516,,31278,2,0,34,1,12,,31289,2,0,34,1,10,,31427,2,0,34,1
50501,'2',515,,31602,2,0,34,1,15,,31512,2,0,34,1,10,,31505,2,0,34,1,10,,31506,2,0,34,1
50501,'4',518,,31824,2,0,34,1,21,,31825,2,0,34,1,15,,31826,2,0,34,1
