30401,310,1,0
30401,1115,2,0
30401,14808,3,0
30401,14728,4,0
30401,14727,5,0
30401,7949,6,0
30401,14726,7,0
30401,10325,8,0
30401,1878,9,0
30401,1398,10,0
30401,10278,11,0
30401,5447,12,0
30401,945,13,0
30401,4568,14,0
30401,7384,15,0
30401,5467,16,0
30401,8998,17,0
30401,5422,18,0
30401,437,19,0
30401,3039,20,0
30401,2452,21,0
30401,2253,22,0
30401,6669,23,0
30401,4748,24,0
30401,2320,25,0
30401,5775,26,0
30401,1845,27,0
30401,7769,28,0
30401,3070,29,0
30401,2691,30,0
30401,1897,31,0
30401,8338,32,0
30401,15143,33,0
30401,8207,34,0
30401,9803,35,0
30401,1712,36,0
30401,1909,37,0
30401,15142,38,0
30401,6678,39,0
30401,3443,40,0
30401,1966,41,0
30401,3886,42,0
30401,6205,43,0
30401,4891,44,0
30401,10098,45,0
30401,3720,46,0
30401,9752,47,0
30401,6517,48,1
30402,4402,1,0
30402,2800,2,0
30402,3442,3,0
30402,8499,4,0
30402,7801,5,0
30402,4197,6,0
30402,7809,7,0
30402,10353,8,0
30402,8223,9,0
30402,7690,10,0
30402,4041,11,0
30402,1070,12,0
30402,1159,13,0
30402,10198,14,0
30402,7621,15,0
30402,1580,16,0
30402,1389,17,0
30402,1581,18,0
30402,1962,19,0
30402,5334,20,0
30402,5595,21,0
30402,7034,22,0
30402,9981,23,0
30402,3357,24,0
30402,2444,25,0
30402,6593,26,0
30402,436,27,0
30402,5279,28,0
30402,7211,29,0
30402,954,30,0
30402,2333,31,0
30402,2462,32,0
30402,8560,33,0
30402,2217,34,0
30402,10438,35,0
30402,4341,36,0
30402,5890,37,0
30402,5141,38,0
30402,7460,39,0
30402,10237,40,0
30402,9878,41,0
30402,8975,42,0
30402,14837,43,0
30402,14807,44,0
30402,9854,45,0
30402,987,46,0
30402,8244,47,0
30402,9383,48,0
30402,1222,49,0
30402,7898,50,1
31703,9227,1,0
31703,10390,2,0
31703,15124,3,0
31703,7412,4,0
31703,6075,5,0
31703,9243,6,0
31703,8068,7,0
31703,5275,8,0
31703,8346,9,0
31703,7582,10,0
31703,1288,11,0
31703,1138,12,0
31703,6577,13,0
31703,6730,14,0
31703,6145,15,0
31703,2291,16,0
31703,5927,17,0
31703,14339,18,1
31704,14339,1,0
31704,7162,2,0
31704,5136,3,0
31704,3741,4,0
31704,3323,5,0
31704,3159,6,0
31704,10093,7,0
31704,2097,8,0
31704,9203,9,0
31704,10138,10,0
31704,6953,11,0
31704,6639,12,0
31704,2125,13,0
31704,15122,14,0
31704,15123,15,0
31704,1551,16,0
31704,9227,17,1
50301,10089,1,0
50301,2320,2,0
50301,5775,3,0
50301,1845,4,0
50301,7769,5,0
50301,3070,6,0
50301,2691,7,0
50301,1897,8,0
50301,8338,9,0
50301,15143,10,0
50301,8207,11,0
50301,9803,12,0
50301,1712,13,0
50301,1909,14,0
50301,15142,15,0
50301,6678,16,0
50301,3443,17,0
50301,7665,18,0
50301,7234,19,0
50301,3836,20,0
50301,2338,21,0
50301,1944,22,0
50301,9938,23,0
50301,1739,24,0
50301,4456,25,0
50301,3271,26,0
50301,3060,27,0
50301,7820,28,0
50301,6209,29,0
50301,779,30,0
50301,490,31,0
50301,4861,32,0
50301,8219,33,0
50301,8597,34,0
50301,4859,35,0
50301,9300,36,0
50301,7795,37,0
50301,1810,38,0
50301,797,39,0
50301,7957,40,0
50301,4019,41,0
50301,5686,42,0
50301,1030,43,0
50301,1480,44,1
50302,1480,1,0
50302,2863,2,0
50302,9054,3,0
50302,3301,4,0
50302,1246,5,0
50302,6285,6,0
50302,9441,7,0
50302,4119,8,0
50302,6290,9,0
50302,9032,10,0
50302,8652,11,0
50302,6027,12,0
50302,3281,13,0
50302,4577,14,0
50302,4034,15,0
50302,1997,16,0
50302,6156,17,0
50302,1189,18,0
50302,3385,19,0
50302,8882,20,0
50302,746,21,0
50302,1744,22,0
50302,2650,23,0
50302,3577,24,0
50302,6902,25,0
50302,6682,26,0
50302,3384,27,0
50302,7385,28,0
50302,1070,29,0
50302,1159,30,0
50302,10198,31,0
50302,7621,32,0
50302,1580,33,0
50302,1389,34,0
50302,1581,35,0
50302,1962,36,0
50302,5334,37,0
50302,5595,38,0
50302,7034,39,0
50302,9981,40,0
50302,3357,41,0
50302,2444,42,0
50302,6593,43,0
50302,436,44,0
50302,5275,45,0
50302,10089,46,1
50401,310,1,0
50401,14186,2,0
50401,1115,3,0
50401,14808,4,0
50401,14728,5,0
50401,14727,6,0
50401,7949,7,0
50401,14726,8,0
50401,10325,9,0
50401,481,10,0
50401,1878,11,0
50401,1398,12,0
50401,10278,13,0
50401,5447,14,0
50401,945,15,0
50401,4568,16,0
50401,7384,17,0
50401,5467,18,0
50401,8998,19,0
50401,5422,20,0
50401,437,21,0
50401,3039,22,0
50401,2452,23,0
50401,2253,24,0
50401,6669,25,0
50401,4748,26,0
50401,2320,27,0
50401,5775,28,0
50401,1845,29,0
50401,7769,30,0
50401,3070,31,0
50401,2691,32,0
50401,1897,33,0
50401,8338,34,0
50401,15143,35,0
50401,8207,36,0
50401,9803,37,0
50401,1712,38,0
50401,1909,39,0
50401,15142,40,0
50401,6678,41,0
50401,3443,42,0
50401,1966,43,0
50401,3886,44,0
50401,6205,45,0
50401,4891,46,0
50401,10098,47,0
50401,3720,48,0
50401,9752,49,0
50401,6517,50,0
50401,14161,51,1
50402,14161,1,0
50402,4402,2,0
50402,2800,3,0
50402,3442,4,0
50402,8499,5,0
50402,7801,6,0
50402,4197,7,0
50402,7809,8,0
50402,10353,9,0
50402,8223,10,0
50402,7690,11,0
50402,4041,12,0
50402,1070,13,0
50402,1159,14,0
50402,10198,15,0
50402,7621,16,0
50402,1580,17,0
50402,1389,18,0
50402,1581,19,0
50402,1962,20,0
50402,5334,21,0
50402,5595,22,0
50402,7034,23,0
50402,9981,24,0
50402,3357,25,0
50402,2444,26,0
50402,6593,27,0
50402,436,28,0
50402,5279,29,0
50402,7211,30,0
50402,954,31,0
50402,2333,32,0
50402,2462,33,0
50402,8560,34,0
50402,2217,35,0
50402,5091,36,0
50402,10438,37,0
50402,4341,38,0
50402,5890,39,0
50402,5141,40,0
50402,7460,41,0
50402,10237,42,0
50402,9878,43,0
50402,8975,44,0
50402,14837,45,0
50402,14807,46,0
50402,9854,47,0
50402,987,48,0
50402,8244,49,0
50402,9383,50,0
50402,1222,51,0
50402,7898,52,0
50402,14186,53,0
50402,481,54,1
50501,14187,1,0
50501,6600,2,0
50501,2954,3,0
50501,2243,4,0
50501,7506,5,0
50501,1606,6,0
50501,2176,7,0
50501,1385,8,0
50501,1063,9,0
50501,7289,10,0
50501,9568,11,0
50501,1416,12,0
50501,3702,13,0
50501,6324,14,0
50501,7139,15,0
50501,7088,16,0
50501,3665,17,0
50501,6692,18,0
50501,6046,19,0
50501,1479,20,0
50501,7171,21,0
50501,9016,22,0
50501,7311,23,0
50501,6459,24,0
50501,2856,25,0
50501,4437,26,0
50501,3450,27,0
50501,6234,28,0
50501,4865,29,0
50501,3962,30,0
50501,3184,31,0
50501,2641,32,0
50501,2749,33,0
50501,5988,34,0
50501,6541,35,0
50501,1557,36,0
50501,6694,37,0
50501,8632,38,0
50501,8820,39,0
50501,3886,40,0
50501,6205,41,0
50501,4891,42,0
50501,10098,43,0
50501,3720,44,0
50501,9752,45,0
50501,6517,46,0
50501,14162,47,1
50502,14162,1,0
50502,4402,2,0
50502,2800,3,0
50502,3442,4,0
50502,8499,5,0
50502,7801,6,0
50502,4197,7,0
50502,7809,8,0
50502,10353,9,0
50502,8223,10,0
50502,7690,11,0
50502,3446,12,0
50502,1061,13,0
50502,5877,14,0
50502,4427,15,0
50502,4155,16,0
50502,8277,17,0
50502,2704,18,0
50502,9060,19,0
50502,3092,20,0
50502,3548,21,0
50502,7982,22,0
50502,2200,23,0
50502,7967,24,0
50502,7505,25,0
50502,7264,26,0
50502,9824,27,0
50502,6087,28,0
50502,2368,29,0
50502,7867,30,0
50502,1212,31,0
50502,4557,32,0
50502,4491,33,0
50502,6015,34,0
50502,4551,35,0
50502,6394,36,0
50502,9427,37,0
50502,2426,38,0
50502,2953,39,0
50502,2342,40,0
50502,6422,41,0
50502,7186,42,0
50502,2098,43,0
50502,2986,44,0
50502,4902,45,0
50502,1195,46,0
50502,5094,47,0
50502,5074,48,0
50502,7898,49,0
50502,14187,50,1
50601,5292,1,0
50601,8673,2,0
50601,2958,3,0
50601,8763,4,0
50601,15462,5,0
50601,310,6,0
50601,8999,7,0
50601,2243,8,0
50601,7506,9,0
50601,1606,10,0
50601,2176,11,0
50601,1385,12,0
50601,1063,13,0
50601,7289,14,0
50601,9568,15,0
50601,1416,16,0
50601,3702,17,0
50601,6324,18,0
50601,7139,19,0
50601,7088,20,0
50601,3665,21,0
50601,6072,22,0
50601,3455,23,0
50601,1690,24,0
50601,1861,25,0
50601,8281,26,0
50601,9321,27,0
50601,2213,28,0
50601,9523,29,0
50601,9798,30,0
50601,2977,31,0
50601,6387,32,0
50601,1403,33,0
50601,4638,34,0
50601,6774,35,0
50601,1010,36,0
50601,2748,37,0
50601,1459,38,0
50601,3206,39,0
50601,7426,40,0
50601,5462,41,0
50601,4865,42,0
50601,3962,43,0
50601,5993,44,0
50601,1942,45,0
50601,7913,46,0
50601,2350,47,0
50601,615,48,0
50601,3246,49,0
50601,2676,50,0
50601,6259,51,0
50601,688,52,0
50601,3903,53,0
50601,8223,54,0
50601,7690,55,0
50601,4041,56,0
50601,7665,57,0
50601,7234,58,0
50601,3836,59,0
50601,2338,60,0
50601,1944,61,0
50601,9938,62,0
50601,1739,63,0
50601,4456,64,0
50601,3271,65,0
50601,3060,66,0
50601,7820,67,0
50601,6209,68,0
50601,779,69,0
50601,1129,70,0
50601,5934,71,0
50601,5576,72,0
50601,8980,73,0
50601,8633,74,0
50601,963,75,0
50601,4705,76,0
50601,3478,77,0
50601,6022,78,0
50601,1201,79,0
50601,9851,80,0
50601,8500,81,0
50601,549,82,0
50601,14260,83,0
50601,9320,84,0
50601,8985,85,0
50601,3762,86,0
50601,10311,87,0
50601,7733,88,0
50601,4921,89,0
50601,4875,90,0
50601,10305,91,0
50601,6955,92,0
50601,3567,93,0
50601,3368,94,0
50601,3797,95,0
50601,4644,96,0
50601,5873,97,0
50601,4034,98,1
50602,4034,1,0
50602,1129,2,0
50602,5934,3,0
50602,5576,4,0
50602,2048,5,0
50602,6873,6,0
50602,4325,7,0
50602,1123,8,0
50602,7935,9,0
50602,3292,10,0
50602,971,11,0
50602,3164,12,0
50602,8702,13,0
50602,10019,14,0
50602,7703,15,0
50602,4575,16,0
50602,8991,17,0
50602,7379,18,0
50602,2976,19,0
50602,2615,20,0
50602,7132,21,0
50602,14260,22,0
50602,3867,23,0
50602,553,24,0
50602,800,25,0
50602,8056,26,0
50602,4414,27,0
50602,2621,28,0
50602,1268,29,0
50602,6656,30,0
50602,4443,31,0
50602,4650,32,0
50602,10283,33,0
50602,4644,34,0
50602,5873,35,0
50602,8742,36,0
50602,1997,37,0
50602,6156,38,0
50602,1189,39,0
50602,3385,40,0
50602,8882,41,0
50602,746,42,0
50602,1744,43,0
50602,2650,44,0
50602,3577,45,0
50602,6902,46,0
50602,6682,47,0
50602,3384,48,0
50602,7385,49,0
50602,1070,50,0
50602,10272,51,0
50602,8731,52,0
50602,7217,53,0
50602,5599,54,0
50602,15033,55,0
50602,9500,56,0
50602,2483,57,0
50602,614,58,0
50602,1694,59,0
50602,2737,60,0
50602,4797,61,0
50602,1016,62,0
50602,3548,63,0
50602,7982,64,0
50602,8914,65,0
50602,5948,66,0
50602,10367,67,0
50602,5013,68,0
50602,9193,69,0
50602,1782,70,0
50602,2878,71,0
50602,1566,72,0
50602,4389,73,0
50602,2181,74,0
50602,6015,75,0
50602,4551,76,0
50602,6394,77,0
50602,9427,78,0
50602,2426,79,0
50602,2953,80,0
50602,2342,81,0
50602,6422,82,0
50602,7186,83,0
50602,2098,84,0
50602,2986,85,0
50602,4902,86,0
50602,1195,87,0
50602,5094,88,0
50602,9132,89,0
50602,8457,90,0
50602,4538,91,0
50602,5292,92,0
50602,8274,93,0
50602,9200,94,0
50602,8416,95,0
50602,2568,96,0
50602,8354,97,0
50602,4012,98,0
50602,3069,99,0
50602,1039,100,0
50602,10033,101,0
50602,8135,102,0
50602,3310,103,0
50602,7898,104,0
50602,15462,105,1
50901,462,1,0
50901,7734,2,0
50901,12913,3,0
50901,12898,4,0
50901,632,5,0
50901,1031,6,0
50901,3926,7,0
50901,2125,8,0
50901,15122,9,0
50901,15123,10,0
50901,1551,11,0
50901,9227,12,1
50902,9227,1,0
50902,10390,2,0
50902,15124,3,0
50902,7412,4,0
50902,2128,5,0
50902,1296,6,0
50902,6761,7,0
50902,4439,8,0
50902,12891,9,0
50902,12919,10,0
50902,10399,11,0
50902,15016,12,0
50902,462,13,1
51003,9227,1,0
51003,10390,2,0
51003,15124,3,0
51003,7412,4,0
51003,6075,5,0
51003,478,6,0
51003,9243,7,0
51003,8068,8,0
51003,5275,9,0
51003,8346,10,0
51003,7582,11,0
51003,1288,12,0
51003,1138,13,0
51003,6577,14,0
51003,6730,15,0
51003,6145,16,0
51003,2291,17,0
51003,5927,18,0
51003,14339,19,1
51004,14339,1,0
51004,7162,2,0
51004,5136,3,0
51004,3741,4,0
51004,3323,5,0
51004,3159,6,0
51004,10093,7,0
51004,2097,8,0
51004,9203,9,0
51004,10138,10,0
51004,6953,11,0
51004,6639,12,0
51004,2125,13,0
51004,478,14,0
51004,15122,15,0
51004,15123,16,0
51004,1551,17,0
51004,9227,18,1
51103,463,1,0
51103,7734,2,0
51103,12913,3,0
51103,12898,4,0
51103,632,5,0
51103,2380,6,0
51103,15048,7,0
51103,15214,8,0
51103,5399,9,0
51103,15126,10,0
51103,4322,11,0
51103,6072,12,0
51103,3455,13,0
51103,8508,14,0
51103,7317,15,0
51103,9659,16,0
51103,14142,17,1
51104,14142,1,0
51104,15125,2,0
51104,8105,3,0
51104,6594,4,0
51104,10342,5,0
51104,4389,6,0
51104,2181,7,0
51104,9662,8,0
51104,1068,9,0
51104,5469,10,0
51104,15049,11,0
51104,7478,12,0
51104,4439,13,0
51104,12891,14,0
51104,12919,15,0
51104,10399,16,0
51104,15016,17,0
51104,463,18,1
51201,14688,1,0
51201,14838,2,0
51201,14674,3,0
51201,14672,4,0
51201,14670,5,0
51201,14668,6,0
51201,14666,7,0
51201,14382,8,0
51201,14383,9,0
51201,14384,10,0
51201,14385,11,0
51201,14386,12,0
51201,14387,13,0
51201,14388,14,0
51201,14389,15,0
51201,14390,16,0
51201,14391,17,0
51201,8868,18,0
51201,8869,19,0
51201,14297,20,0
51201,8875,21,0
51201,8876,22,0
51201,8976,23,0
51201,10450,24,0
51201,1494,25,0
51201,2189,26,0
51201,14295,27,1
51202,14295,1,0
51202,8877,2,0
51202,5795,3,0
51202,1649,4,0
51202,5819,5,0
51202,6461,6,0
51202,10424,7,0
51202,5735,8,0
51202,14298,9,0
51202,8870,10,0
51202,8867,11,0
51202,14392,12,0
51202,14393,13,0
51202,14394,14,0
51202,14395,15,0
51202,14396,16,0
51202,14397,17,0
51202,14398,18,0
51202,14399,19,0
51202,14400,20,0
51202,14665,21,0
51202,14667,22,0
51202,14669,23,0
51202,14671,24,0
51202,14673,25,0
51202,14675,26,0
51202,14688,27,1
51401,6113,1,0
51401,8860,2,0
51401,15344,3,0
51401,7384,4,0
51401,5467,5,0
51401,8998,6,0
51401,5422,7,0
51401,437,8,0
51401,3039,9,0
51401,2452,10,0
51401,2253,11,0
51401,6669,12,0
51401,4748,13,0
51401,2320,14,0
51401,5775,15,0
51401,1845,16,0
51401,3398,17,0
51401,7769,18,0
51401,3070,19,0
51401,2691,20,0
51401,1897,21,0
51401,8338,22,0
51401,15143,23,0
51401,8207,24,0
51401,9803,25,0
51401,1712,26,0
51401,1909,27,0
51401,15355,28,0
51401,15356,29,1
51402,15356,1,0
51402,15354,2,0
51402,7621,3,0
51402,1580,4,0
51402,1389,5,0
51402,1581,6,0
51402,1962,7,0
51402,5334,8,0
51402,5595,9,0
51402,4283,10,0
51402,7034,11,0
51402,9981,12,0
51402,8798,13,0
51402,3357,14,0
51402,2444,15,0
51402,6593,16,0
51402,436,17,0
51402,5279,18,0
51402,7211,19,0
51402,954,20,0
51402,2333,21,0
51402,2462,22,0
51402,8560,23,0
51402,2217,24,0
51402,5091,25,0
51402,10438,26,0
51402,4341,27,0
51402,6129,28,0
51402,4396,29,0
51402,6113,30,1
