30101,1,'E',301
30102,1,'W',301
30401,1,'E',304
30402,1,'W',304
30601,1,'E',306
30602,1,'W',306
31703,1,'N',317
31704,1,'S',317
34103,1,'N',341
34104,1,'S',341
34303,1,'N',343
34304,1,'S',343
36503,1,'N',365
36504,1,'S',365
50101,1,'E',501
50102,1,'W',501
50201,1,'E',502
50202,1,'W',502
50301,1,'E',503
50302,1,'W',503
50401,1,'E',504
50402,1,'W',504
50501,1,'E',505
50502,1,'W',505
50601,1,'E',506
50602,1,'W',506
50901,1,'E',509
50902,1,'W',509
51003,1,'N',510
51004,1,'S',510
51103,1,'N',511
51104,1,'S',511
51201,1,'E',512
51202,1,'W',512
